v3.0 hex words addressed
0000: 10 10 10 10 10 10 10 10 10 10 10 10 10 10 10 10
0010: 10 10 10 10 10 10 10 10 10 10 10 10 10 10 10 10
0020: 10 10 10 10 10 10 10 10 10 10 10 10 10 10 10 10
0030: 10 10 10 10 11 12 13 10 10 10 10 10 10 10 10 10
0040: C0 C0 C0 C0 D0 D0 D0 D0 E0 E0 E0 E0 C0 C0 C0 C0
0050: D0 D0 D0 D0 E0 E0 E0 E0 24 24 10 10 10 10 10 90
0060: 10 10 10 10 10 10 10 10 10 10 10 10 10 10 10 10
0070: 10 10 B0 B0 B0 B0 B0 B0 B1 B1 B1 B1 B1 B1 10 10
0080: 10 10 10 10 10 10 10 10 10 10 10 10 10 10 10 10
0090: 10 10 10 10 10 10 10 10 10 10 10 10 10 10 10 10
00a0: 10 10 10 10 10 10 10 10 10 10 10 10 10 10 10 10
00b0: 10 10 10 10 10 10 10 10 10 10 10 10 10 10 10 10
00c0: 10 10 10 10 10 10 10 10 10 10 10 10 10 10 10 10
00d0: 10 10 10 10 10 10 10 10 10 10 10 10 10 10 10 10
00e0: 10 10 10 10 10 10 10 10 10 10 10 10 10 10 10 10
00f0: 10 10 10 10 10 10 10 10 10 10 10 10 10 10 10 10
0100: 10 10 10 10 10 10 10 10 10 10 10 10 10 10 10 10
0110: 10 10 10 10 10 10 10 10 10 10 10 10 10 10 10 10
0120: 10 10 10 10 10 10 10 10 10 10 10 10 10 10 10 10
0130: 10 10 10 10 11 12 13 10 10 10 10 10 10 10 10 10
0140: C0 C0 C0 C0 D0 D0 D0 D0 E0 E0 E0 E0 C0 C0 C0 C0
0150: D0 D0 D0 D0 E0 E0 E0 E0 24 24 10 10 10 10 10 90
0160: 10 10 10 10 10 10 10 10 10 10 10 10 10 10 10 10
0170: 10 10 B0 B0 B0 B0 B0 B0 B1 B1 B1 B1 B1 B1 10 10
0180: 10 10 10 10 10 10 10 10 10 10 10 10 10 10 10 10
0190: 10 10 10 10 10 10 10 10 10 10 10 10 10 10 10 10
01a0: 10 10 10 10 10 10 10 10 10 10 10 10 10 10 10 10
01b0: 10 10 10 10 10 10 10 10 10 10 10 10 10 10 10 10
01c0: 10 10 10 10 10 10 10 10 10 10 10 10 10 10 10 10
01d0: 10 10 10 10 10 10 10 10 10 10 10 10 10 10 10 10
01e0: 10 10 10 10 10 10 10 10 10 10 10 10 10 10 10 10
01f0: 10 10 10 10 10 10 10 10 10 10 10 10 10 10 10 10
0200: 10 10 10 10 10 10 10 10 10 10 10 10 10 10 10 10
0210: 10 10 10 10 10 10 10 10 10 10 10 10 10 10 10 10
0220: 10 10 10 10 10 10 10 10 10 10 10 10 10 10 10 10
0230: 10 10 10 10 11 12 13 10 10 10 10 10 10 10 10 10
0240: C0 C0 C0 C0 D0 D0 D0 D0 E0 E0 E0 E0 C0 C0 C0 C0
0250: D0 D0 D0 D0 E0 E0 E0 E0 24 24 10 10 10 10 10 90
0260: 10 10 10 10 10 10 10 10 10 10 10 10 10 10 10 10
0270: 10 10 B0 B0 B0 B0 B0 B0 B1 B1 B1 B1 B1 B1 10 10
0280: 10 10 10 10 10 10 10 10 10 10 10 10 10 10 10 10
0290: 10 10 10 10 10 10 10 10 10 10 10 10 10 10 10 10
02a0: 10 10 10 10 10 10 10 10 10 10 10 10 10 10 10 10
02b0: 10 10 10 10 10 10 10 10 10 10 10 10 10 10 10 10
02c0: 10 10 10 10 10 10 10 10 10 10 10 10 10 10 10 10
02d0: 10 10 10 10 10 10 10 10 10 10 10 10 10 10 10 10
02e0: 10 10 10 10 10 10 10 10 10 10 10 10 10 10 10 10
02f0: 10 10 10 10 10 10 10 10 10 10 10 10 10 10 10 10
0300: 10 10 10 10 10 10 10 10 10 10 10 10 10 10 10 10
0310: 10 10 10 10 10 10 10 10 10 10 10 10 10 10 10 10
0320: 10 10 10 10 10 10 10 10 10 10 10 10 10 10 10 10
0330: 10 10 10 10 11 12 13 10 10 10 10 10 10 10 10 10
0340: C0 C0 C0 C0 D0 D0 D0 D0 E0 E0 E0 E0 C0 C0 C0 C0
0350: D0 D0 D0 D0 E0 E0 E0 E0 24 24 10 10 10 10 10 90
0360: 10 10 10 10 10 10 10 10 10 10 10 10 10 10 10 10
0370: 10 10 B0 B0 B0 B0 B0 B0 B1 B1 B1 B1 B1 B1 10 10
0380: 10 10 10 10 10 10 10 10 10 10 10 10 10 10 10 10
0390: 10 10 10 10 10 10 10 10 10 10 10 10 10 10 10 10
03a0: 10 10 10 10 10 10 10 10 10 10 10 10 10 10 10 10
03b0: 10 10 10 10 10 10 10 10 10 10 10 10 10 10 10 10
03c0: 10 10 10 10 10 10 10 10 10 10 10 10 10 10 10 10
03d0: 10 10 10 10 10 10 10 10 10 10 10 10 10 10 10 10
03e0: 10 10 10 10 10 10 10 10 10 10 10 10 10 10 10 10
03f0: 10 10 10 10 10 10 10 10 10 10 10 10 10 10 10 10
0400: 10 10 10 10 10 10 10 10 10 10 10 10 10 10 10 10
0410: 10 10 10 10 10 10 10 10 10 10 10 10 10 10 10 10
0420: 10 10 10 10 10 10 10 10 10 10 10 10 10 10 10 10
0430: 10 10 10 10 11 12 13 10 10 10 10 10 10 10 10 10
0440: C0 C0 C0 C0 D0 D0 D0 D0 E0 E0 E0 E0 C0 C0 C0 C0
0450: D0 D0 D0 D0 E0 E0 E0 E0 24 24 10 10 10 10 10 90
0460: 10 10 10 10 10 10 10 10 10 10 10 10 10 10 10 10
0470: 10 10 B0 B0 B0 B0 B0 B0 B1 B1 B1 B1 B1 B1 10 10
0480: 10 10 10 10 10 10 10 10 10 10 10 10 10 10 10 10
0490: 10 10 10 10 10 10 10 10 10 10 10 10 10 10 10 10
04a0: 10 10 10 10 10 10 10 10 10 10 10 10 10 10 10 10
04b0: 10 10 10 10 10 10 10 10 10 10 10 10 10 10 10 10
04c0: 10 10 10 10 10 10 10 10 10 10 10 10 10 10 10 10
04d0: 10 10 10 10 10 10 10 10 10 10 10 10 10 10 10 10
04e0: 10 10 10 10 10 10 10 10 10 10 10 10 10 10 10 10
04f0: 10 10 10 10 10 10 10 10 10 10 10 10 10 10 10 10
0500: 10 10 10 10 10 10 10 10 10 10 10 10 10 10 10 10
0510: 10 10 10 10 10 10 10 10 10 10 10 10 10 10 10 10
0520: 10 10 10 10 10 10 10 10 10 10 10 10 10 10 10 10
0530: 10 10 10 10 11 12 13 10 10 10 10 10 10 10 10 10
0540: C0 C0 C0 C0 D0 D0 D0 D0 E0 E0 E0 E0 C0 C0 C0 C0
0550: D0 D0 D0 D0 E0 E0 E0 E0 24 24 10 10 10 10 10 90
0560: 10 10 10 10 10 10 10 10 10 10 10 10 10 10 10 10
0570: 10 10 B0 B0 B0 B0 B0 B0 B1 B1 B1 B1 B1 B1 10 10
0580: 10 10 10 10 10 10 10 10 10 10 10 10 10 10 10 10
0590: 10 10 10 10 10 10 10 10 10 10 10 10 10 10 10 10
05a0: 10 10 10 10 10 10 10 10 10 10 10 10 10 10 10 10
05b0: 10 10 10 10 10 10 10 10 10 10 10 10 10 10 10 10
05c0: 10 10 10 10 10 10 10 10 10 10 10 10 10 10 10 10
05d0: 10 10 10 10 10 10 10 10 10 10 10 10 10 10 10 10
05e0: 10 10 10 10 10 10 10 10 10 10 10 10 10 10 10 10
05f0: 10 10 10 10 10 10 10 10 10 10 10 10 10 10 10 10
0600: 10 10 10 10 10 10 10 10 10 10 10 10 10 10 10 10
0610: 10 10 10 10 10 10 10 10 10 10 10 10 10 10 10 10
0620: 10 10 10 10 10 10 10 10 10 10 10 10 10 10 10 10
0630: 10 10 10 10 11 12 13 10 10 10 10 10 10 10 10 10
0640: C0 C0 C0 C0 D0 D0 D0 D0 E0 E0 E0 E0 C0 C0 C0 C0
0650: D0 D0 D0 D0 E0 E0 E0 E0 24 24 10 10 10 10 10 90
0660: 10 10 10 10 10 10 10 10 10 10 10 10 10 10 10 10
0670: 10 10 B0 B0 B0 B0 B0 B0 B1 B1 B1 B1 B1 B1 10 10
0680: 10 10 10 10 10 10 10 10 10 10 10 10 10 10 10 10
0690: 10 10 10 10 10 10 10 10 10 10 10 10 10 10 10 10
06a0: 10 10 10 10 10 10 10 10 10 10 10 10 10 10 10 10
06b0: 10 10 10 10 10 10 10 10 10 10 10 10 10 10 10 10
06c0: 10 10 10 10 10 10 10 10 10 10 10 10 10 10 10 10
06d0: 10 10 10 10 10 10 10 10 10 10 10 10 10 10 10 10
06e0: 10 10 10 10 10 10 10 10 10 10 10 10 10 10 10 10
06f0: 10 10 10 10 10 10 10 10 10 10 10 10 10 10 10 10
0700: 10 10 10 10 10 10 10 10 10 10 10 10 10 10 10 10
0710: 10 10 10 10 10 10 10 10 10 10 10 10 10 10 10 10
0720: 10 10 10 10 10 10 10 10 10 10 10 10 10 10 10 10
0730: 10 10 10 10 11 12 13 10 10 10 10 10 10 10 10 10
0740: C0 C0 C0 C0 D0 D0 D0 D0 E0 E0 E0 E0 C0 C0 C0 C0
0750: D0 D0 D0 D0 E0 E0 E0 E0 24 24 10 10 10 10 10 90
0760: 10 10 10 10 10 10 10 10 10 10 10 10 10 10 10 10
0770: 10 10 B0 B0 B0 B0 B0 B0 B1 B1 B1 B1 B1 B1 10 10
0780: 10 10 10 10 10 10 10 10 10 10 10 10 10 10 10 10
0790: 10 10 10 10 10 10 10 10 10 10 10 10 10 10 10 10
07a0: 10 10 10 10 10 10 10 10 10 10 10 10 10 10 10 10
07b0: 10 10 10 10 10 10 10 10 10 10 10 10 10 10 10 10
07c0: 10 10 10 10 10 10 10 10 10 10 10 10 10 10 10 10
07d0: 10 10 10 10 10 10 10 10 10 10 10 10 10 10 10 10
07e0: 10 10 10 10 10 10 10 10 10 10 10 10 10 10 10 10
07f0: 10 10 10 10 10 10 10 10 10 10 10 10 10 10 10 10
0800: 10 10 10 10 10 10 10 10 10 10 10 10 10 10 10 10
0810: 10 10 10 10 10 10 10 10 10 10 10 10 10 10 10 10
0820: 10 10 10 10 10 10 10 10 10 10 10 10 10 10 10 10
0830: 10 10 10 10 11 12 13 10 10 10 10 10 10 10 10 10
0840: C0 C0 C0 C0 D0 D0 D0 D0 E0 E0 E0 E0 C0 C0 C0 C0
0850: D0 D0 D0 D0 E0 E0 E0 E0 24 24 10 10 10 10 10 90
0860: 10 10 10 10 10 10 10 10 10 10 10 10 10 10 10 10
0870: 10 10 B0 B0 B0 B0 B0 B0 B1 B1 B1 B1 B1 B1 10 10
0880: 10 10 10 10 10 10 10 10 10 10 10 10 10 10 10 10
0890: 10 10 10 10 10 10 10 10 10 10 10 10 10 10 10 10
08a0: 10 10 10 10 10 10 10 10 10 10 10 10 10 10 10 10
08b0: 10 10 10 10 10 10 10 10 10 10 10 10 10 10 10 10
08c0: 10 10 10 10 10 10 10 10 10 10 10 10 10 10 10 10
08d0: 10 10 10 10 10 10 10 10 10 10 10 10 10 10 10 10
08e0: 10 10 10 10 10 10 10 10 10 10 10 10 10 10 10 10
08f0: 10 10 10 10 10 10 10 10 10 10 10 10 10 10 10 10
0900: 10 10 10 10 10 10 10 10 10 10 10 10 10 10 10 10
0910: 10 10 10 10 10 10 10 10 10 10 10 10 10 10 10 10
0920: 10 10 10 10 10 10 10 10 10 10 10 10 10 10 10 10
0930: 10 10 10 10 11 12 13 10 10 10 10 10 10 10 10 10
0940: C0 C0 C0 C0 D0 D0 D0 D0 E0 E0 E0 E0 C0 C0 C0 C0
0950: D0 D0 D0 D0 E0 E0 E0 E0 24 24 10 10 10 10 10 90
0960: 10 10 10 10 10 10 10 10 10 10 10 10 10 10 10 10
0970: 10 10 B0 B0 B0 B0 B0 B0 B1 B1 B1 B1 B1 B1 10 10
0980: 10 10 10 10 10 10 10 10 10 10 10 10 10 10 10 10
0990: 10 10 10 10 10 10 10 10 10 10 10 10 10 10 10 10
09a0: 10 10 10 10 10 10 10 10 10 10 10 10 10 10 10 10
09b0: 10 10 10 10 10 10 10 10 10 10 10 10 10 10 10 10
09c0: 10 10 10 10 10 10 10 10 10 10 10 10 10 10 10 10
09d0: 10 10 10 10 10 10 10 10 10 10 10 10 10 10 10 10
09e0: 10 10 10 10 10 10 10 10 10 10 10 10 10 10 10 10
09f0: 10 10 10 10 10 10 10 10 10 10 10 10 10 10 10 10
0a00: 10 10 10 10 10 10 10 10 10 10 10 10 10 10 10 10
0a10: 10 10 10 10 10 10 10 10 10 10 10 10 10 10 10 10
0a20: 10 10 10 10 10 10 10 10 10 10 10 10 10 10 10 10
0a30: 10 10 10 10 11 12 13 10 10 10 10 10 10 10 10 10
0a40: C0 C0 C0 C0 D0 D0 D0 D0 E0 E0 E0 E0 C0 C0 C0 C0
0a50: D0 D0 D0 D0 E0 E0 E0 E0 24 24 10 10 10 10 10 90
0a60: 10 10 10 10 10 10 10 10 10 10 10 10 10 10 10 10
0a70: 10 10 B0 B0 B0 B0 B0 B0 B1 B1 B1 B1 B1 B1 10 10
0a80: 10 10 10 10 10 10 10 10 10 10 10 10 10 10 10 10
0a90: 10 10 10 10 10 10 10 10 10 10 10 10 10 10 10 10
0aa0: 10 10 10 10 10 10 10 10 10 10 10 10 10 10 10 10
0ab0: 10 10 10 10 10 10 10 10 10 10 10 10 10 10 10 10
0ac0: 10 10 10 10 10 10 10 10 10 10 10 10 10 10 10 10
0ad0: 10 10 10 10 10 10 10 10 10 10 10 10 10 10 10 10
0ae0: 10 10 10 10 10 10 10 10 10 10 10 10 10 10 10 10
0af0: 10 10 10 10 10 10 10 10 10 10 10 10 10 10 10 10
0b00: 10 10 10 10 10 10 10 10 10 10 10 10 10 10 10 10
0b10: 10 10 10 10 10 10 10 10 10 10 10 10 10 10 10 10
0b20: 10 10 10 10 10 10 10 10 10 10 10 10 10 10 10 10
0b30: 10 10 10 10 11 12 13 10 10 10 10 10 10 10 10 10
0b40: C0 C0 C0 C0 D0 D0 D0 D0 E0 E0 E0 E0 C0 C0 C0 C0
0b50: D0 D0 D0 D0 E0 E0 E0 E0 24 24 10 10 10 10 10 90
0b60: 10 10 10 10 10 10 10 10 10 10 10 10 10 10 10 10
0b70: 10 10 B0 B0 B0 B0 B0 B0 B1 B1 B1 B1 B1 B1 10 10
0b80: 10 10 10 10 10 10 10 10 10 10 10 10 10 10 10 10
0b90: 10 10 10 10 10 10 10 10 10 10 10 10 10 10 10 10
0ba0: 10 10 10 10 10 10 10 10 10 10 10 10 10 10 10 10
0bb0: 10 10 10 10 10 10 10 10 10 10 10 10 10 10 10 10
0bc0: 10 10 10 10 10 10 10 10 10 10 10 10 10 10 10 10
0bd0: 10 10 10 10 10 10 10 10 10 10 10 10 10 10 10 10
0be0: 10 10 10 10 10 10 10 10 10 10 10 10 10 10 10 10
0bf0: 10 10 10 10 10 10 10 10 10 10 10 10 10 10 10 10
0c00: 10 10 10 10 10 10 10 10 10 10 10 10 10 10 10 10
0c10: 10 10 10 10 10 10 10 10 10 10 10 10 10 10 10 10
0c20: 10 10 10 10 10 10 10 10 10 10 10 10 10 10 10 10
0c30: 10 10 10 10 11 12 13 10 10 10 10 10 10 10 10 10
0c40: C0 C0 C0 C0 D0 D0 D0 D0 E0 E0 E0 E0 C0 C0 C0 C0
0c50: D0 D0 D0 D0 E0 E0 E0 E0 24 24 10 10 10 10 10 90
0c60: 10 10 10 10 10 10 10 10 10 10 10 10 10 10 10 10
0c70: 10 10 B0 B0 B0 B0 B0 B0 B1 B1 B1 B1 B1 B1 10 10
0c80: 10 10 10 10 10 10 10 10 10 10 10 10 10 10 10 10
0c90: 10 10 10 10 10 10 10 10 10 10 10 10 10 10 10 10
0ca0: 10 10 10 10 10 10 10 10 10 10 10 10 10 10 10 10
0cb0: 10 10 10 10 10 10 10 10 10 10 10 10 10 10 10 10
0cc0: 10 10 10 10 10 10 10 10 10 10 10 10 10 10 10 10
0cd0: 10 10 10 10 10 10 10 10 10 10 10 10 10 10 10 10
0ce0: 10 10 10 10 10 10 10 10 10 10 10 10 10 10 10 10
0cf0: 10 10 10 10 10 10 10 10 10 10 10 10 10 10 10 10
0d00: 10 10 10 10 10 10 10 10 10 10 10 10 10 10 10 10
0d10: 10 10 10 10 10 10 10 10 10 10 10 10 10 10 10 10
0d20: 10 10 10 10 10 10 10 10 10 10 10 10 10 10 10 10
0d30: 10 10 10 10 11 12 13 10 10 10 10 10 10 10 10 10
0d40: C0 C0 C0 C0 D0 D0 D0 D0 E0 E0 E0 E0 C0 C0 C0 C0
0d50: D0 D0 D0 D0 E0 E0 E0 E0 24 24 10 10 10 10 10 90
0d60: 10 10 10 10 10 10 10 10 10 10 10 10 10 10 10 10
0d70: 10 10 B0 B0 B0 B0 B0 B0 B1 B1 B1 B1 B1 B1 10 10
0d80: 10 10 10 10 10 10 10 10 10 10 10 10 10 10 10 10
0d90: 10 10 10 10 10 10 10 10 10 10 10 10 10 10 10 10
0da0: 10 10 10 10 10 10 10 10 10 10 10 10 10 10 10 10
0db0: 10 10 10 10 10 10 10 10 10 10 10 10 10 10 10 10
0dc0: 10 10 10 10 10 10 10 10 10 10 10 10 10 10 10 10
0dd0: 10 10 10 10 10 10 10 10 10 10 10 10 10 10 10 10
0de0: 10 10 10 10 10 10 10 10 10 10 10 10 10 10 10 10
0df0: 10 10 10 10 10 10 10 10 10 10 10 10 10 10 10 10
0e00: 10 10 10 10 10 10 10 10 10 10 10 10 10 10 10 10
0e10: 10 10 10 10 10 10 10 10 10 10 10 10 10 10 10 10
0e20: 10 10 10 10 10 10 10 10 10 10 10 10 10 10 10 10
0e30: 10 10 10 10 11 12 13 10 10 10 10 10 10 10 10 10
0e40: C0 C0 C0 C0 D0 D0 D0 D0 E0 E0 E0 E0 C0 C0 C0 C0
0e50: D0 D0 D0 D0 E0 E0 E0 E0 24 24 10 10 10 10 10 90
0e60: 10 10 10 10 10 10 10 10 10 10 10 10 10 10 10 10
0e70: 10 10 B0 B0 B0 B0 B0 B0 B1 B1 B1 B1 B1 B1 10 10
0e80: 10 10 10 10 10 10 10 10 10 10 10 10 10 10 10 10
0e90: 10 10 10 10 10 10 10 10 10 10 10 10 10 10 10 10
0ea0: 10 10 10 10 10 10 10 10 10 10 10 10 10 10 10 10
0eb0: 10 10 10 10 10 10 10 10 10 10 10 10 10 10 10 10
0ec0: 10 10 10 10 10 10 10 10 10 10 10 10 10 10 10 10
0ed0: 10 10 10 10 10 10 10 10 10 10 10 10 10 10 10 10
0ee0: 10 10 10 10 10 10 10 10 10 10 10 10 10 10 10 10
0ef0: 10 10 10 10 10 10 10 10 10 10 10 10 10 10 10 10
0f00: 10 10 10 10 10 10 10 10 10 10 10 10 10 10 10 10
0f10: 10 10 10 10 10 10 10 10 10 10 10 10 10 10 10 10
0f20: 10 10 10 10 10 10 10 10 10 10 10 10 10 10 10 10
0f30: 10 10 10 10 11 12 13 10 10 10 10 10 10 10 10 10
0f40: C0 C0 C0 C0 D0 D0 D0 D0 E0 E0 E0 E0 C0 C0 C0 C0
0f50: D0 D0 D0 D0 E0 E0 E0 E0 24 24 10 10 10 10 10 90
0f60: 10 10 10 10 10 10 10 10 10 10 10 10 10 10 10 10
0f70: 10 10 B0 B0 B0 B0 B0 B0 B1 B1 B1 B1 B1 B1 10 10
0f80: 10 10 10 10 10 10 10 10 10 10 10 10 10 10 10 10
0f90: 10 10 10 10 10 10 10 10 10 10 10 10 10 10 10 10
0fa0: 10 10 10 10 10 10 10 10 10 10 10 10 10 10 10 10
0fb0: 10 10 10 10 10 10 10 10 10 10 10 10 10 10 10 10
0fc0: 10 10 10 10 10 10 10 10 10 10 10 10 10 10 10 10
0fd0: 10 10 10 10 10 10 10 10 10 10 10 10 10 10 10 10
0fe0: 10 10 10 10 10 10 10 10 10 10 10 10 10 10 10 10
0ff0: 10 10 10 10 10 10 10 10 10 10 10 10 10 10 10 10
1000: 10 10 10 10 10 10 10 10 10 10 10 10 10 10 10 10
1010: 10 10 10 10 10 10 10 10 10 10 10 10 10 10 10 10
1020: 10 10 10 10 10 10 10 10 10 10 10 10 10 10 10 10
1030: 10 10 10 10 11 12 13 10 10 10 10 10 10 10 10 10
1040: C0 C0 C0 C0 D0 D0 D0 D0 E0 E0 E0 E0 C0 C0 C0 C0
1050: D0 D0 D0 D0 E0 E0 E0 E0 24 24 10 10 10 10 10 90
1060: 10 10 10 10 10 10 10 10 10 10 10 10 10 10 10 10
1070: 10 10 B0 B0 B0 B0 B0 B0 B1 B1 B1 B1 B1 B1 10 10
1080: 10 10 10 10 10 10 10 10 10 10 10 10 10 10 10 10
1090: 10 10 10 10 10 10 10 10 10 10 10 10 10 10 10 10
10a0: 10 10 10 10 10 10 10 10 10 10 10 10 10 10 10 10
10b0: 10 10 10 10 10 10 10 10 10 10 10 10 10 10 10 10
10c0: 10 10 10 10 10 10 10 10 10 10 10 10 10 10 10 10
10d0: 10 10 10 10 10 10 10 10 10 10 10 10 10 10 10 10
10e0: 10 10 10 10 10 10 10 10 10 10 10 10 10 10 10 10
10f0: 10 10 10 10 10 10 10 10 10 10 10 10 10 10 10 10
1100: 10 10 10 10 10 10 10 10 10 10 10 10 10 10 10 10
1110: 10 10 10 10 10 10 10 10 10 10 10 10 10 10 10 10
1120: 10 10 10 10 10 10 10 10 10 10 10 10 10 10 10 10
1130: 10 10 10 10 11 12 13 10 10 10 10 10 10 10 10 10
1140: C0 C0 C0 C0 D0 D0 D0 D0 E0 E0 E0 E0 C0 C0 C0 C0
1150: D0 D0 D0 D0 E0 E0 E0 E0 24 24 10 10 10 10 10 90
1160: 10 10 10 10 10 10 10 10 10 10 10 10 10 10 10 10
1170: 10 10 B0 B0 B0 B0 B0 B0 B1 B1 B1 B1 B1 B1 10 10
1180: 10 10 10 10 10 10 10 10 10 10 10 10 10 10 10 10
1190: 10 10 10 10 10 10 10 10 10 10 10 10 10 10 10 10
11a0: 10 10 10 10 10 10 10 10 10 10 10 10 10 10 10 10
11b0: 10 10 10 10 10 10 10 10 10 10 10 10 10 10 10 10
11c0: 10 10 10 10 10 10 10 10 10 10 10 10 10 10 10 10
11d0: 10 10 10 10 10 10 10 10 10 10 10 10 10 10 10 10
11e0: 10 10 10 10 10 10 10 10 10 10 10 10 10 10 10 10
11f0: 10 10 10 10 10 10 10 10 10 10 10 10 10 10 10 10
1200: 10 10 10 10 10 10 10 10 10 10 10 10 10 10 10 10
1210: 10 10 10 10 10 10 10 10 10 10 10 10 10 10 10 10
1220: 10 10 10 10 10 10 10 10 10 10 10 10 10 10 10 10
1230: 10 10 10 10 11 12 13 10 10 10 10 10 10 10 10 10
1240: C0 C0 C0 C0 D0 D0 D0 D0 E0 E0 E0 E0 C0 C0 C0 C0
1250: D0 D0 D0 D0 E0 E0 E0 E0 24 24 10 10 10 10 10 90
1260: 10 10 10 10 10 10 10 10 10 10 10 10 10 10 10 10
1270: 10 10 B0 B0 B0 B0 B0 B0 B1 B1 B1 B1 B1 B1 10 10
1280: 10 10 10 10 10 10 10 10 10 10 10 10 10 10 10 10
1290: 10 10 10 10 10 10 10 10 10 10 10 10 10 10 10 10
12a0: 10 10 10 10 10 10 10 10 10 10 10 10 10 10 10 10
12b0: 10 10 10 10 10 10 10 10 10 10 10 10 10 10 10 10
12c0: 10 10 10 10 10 10 10 10 10 10 10 10 10 10 10 10
12d0: 10 10 10 10 10 10 10 10 10 10 10 10 10 10 10 10
12e0: 10 10 10 10 10 10 10 10 10 10 10 10 10 10 10 10
12f0: 10 10 10 10 10 10 10 10 10 10 10 10 10 10 10 10
1300: 10 10 10 10 10 10 10 10 10 10 10 10 10 10 10 10
1310: 10 10 10 10 10 10 10 10 10 10 10 10 10 10 10 10
1320: 10 10 10 10 10 10 10 10 10 10 10 10 10 10 10 10
1330: 10 10 10 10 11 12 13 10 10 10 10 10 10 10 10 10
1340: C0 C0 C0 C0 D0 D0 D0 D0 E0 E0 E0 E0 C0 C0 C0 C0
1350: D0 D0 D0 D0 E0 E0 E0 E0 24 24 10 10 10 10 10 90
1360: 10 10 10 10 10 10 10 10 10 10 10 10 10 10 10 10
1370: 10 10 B0 B0 B0 B0 B0 B0 B1 B1 B1 B1 B1 B1 10 10
1380: 10 10 10 10 10 10 10 10 10 10 10 10 10 10 10 10
1390: 10 10 10 10 10 10 10 10 10 10 10 10 10 10 10 10
13a0: 10 10 10 10 10 10 10 10 10 10 10 10 10 10 10 10
13b0: 10 10 10 10 10 10 10 10 10 10 10 10 10 10 10 10
13c0: 10 10 10 10 10 10 10 10 10 10 10 10 10 10 10 10
13d0: 10 10 10 10 10 10 10 10 10 10 10 10 10 10 10 10
13e0: 10 10 10 10 10 10 10 10 10 10 10 10 10 10 10 10
13f0: 10 10 10 10 10 10 10 10 10 10 10 10 10 10 10 10
1400: 10 10 10 10 10 10 10 10 10 10 10 10 10 10 10 10
1410: 10 10 10 10 10 10 10 10 10 10 10 10 10 10 10 10
1420: 10 10 10 10 10 10 10 10 10 10 10 10 10 10 10 10
1430: 10 10 10 10 11 12 13 10 10 10 10 10 10 10 10 10
1440: C0 C0 C0 C0 D0 D0 D0 D0 E0 E0 E0 E0 C0 C0 C0 C0
1450: D0 D0 D0 D0 E0 E0 E0 E0 24 24 10 10 10 10 10 90
1460: 10 10 10 10 10 10 10 10 10 10 10 10 10 10 10 10
1470: 10 10 B0 B0 B0 B0 B0 B0 B1 B1 B1 B1 B1 B1 10 10
1480: 10 10 10 10 10 10 10 10 10 10 10 10 10 10 10 10
1490: 10 10 10 10 10 10 10 10 10 10 10 10 10 10 10 10
14a0: 10 10 10 10 10 10 10 10 10 10 10 10 10 10 10 10
14b0: 10 10 10 10 10 10 10 10 10 10 10 10 10 10 10 10
14c0: 10 10 10 10 10 10 10 10 10 10 10 10 10 10 10 10
14d0: 10 10 10 10 10 10 10 10 10 10 10 10 10 10 10 10
14e0: 10 10 10 10 10 10 10 10 10 10 10 10 10 10 10 10
14f0: 10 10 10 10 10 10 10 10 10 10 10 10 10 10 10 10
1500: 10 10 10 10 10 10 10 10 10 10 10 10 10 10 10 10
1510: 10 10 10 10 10 10 10 10 10 10 10 10 10 10 10 10
1520: 10 10 10 10 10 10 10 10 10 10 10 10 10 10 10 10
1530: 10 10 10 10 11 12 13 10 10 10 10 10 10 10 10 10
1540: C0 C0 C0 C0 D0 D0 D0 D0 E0 E0 E0 E0 C0 C0 C0 C0
1550: D0 D0 D0 D0 E0 E0 E0 E0 24 24 10 10 10 10 10 90
1560: 10 10 10 10 10 10 10 10 10 10 10 10 10 10 10 10
1570: 10 10 B0 B0 B0 B0 B0 B0 B1 B1 B1 B1 B1 B1 10 10
1580: 10 10 10 10 10 10 10 10 10 10 10 10 10 10 10 10
1590: 10 10 10 10 10 10 10 10 10 10 10 10 10 10 10 10
15a0: 10 10 10 10 10 10 10 10 10 10 10 10 10 10 10 10
15b0: 10 10 10 10 10 10 10 10 10 10 10 10 10 10 10 10
15c0: 10 10 10 10 10 10 10 10 10 10 10 10 10 10 10 10
15d0: 10 10 10 10 10 10 10 10 10 10 10 10 10 10 10 10
15e0: 10 10 10 10 10 10 10 10 10 10 10 10 10 10 10 10
15f0: 10 10 10 10 10 10 10 10 10 10 10 10 10 10 10 10
1600: 10 10 10 10 10 10 10 10 10 10 10 10 10 10 10 10
1610: 10 10 10 10 10 10 10 10 10 10 10 10 10 10 10 10
1620: 10 10 10 10 10 10 10 10 10 10 10 10 10 10 10 10
1630: 10 10 10 10 11 12 13 10 10 10 10 10 10 10 10 10
1640: C0 C0 C0 C0 D0 D0 D0 D0 E0 E0 E0 E0 C0 C0 C0 C0
1650: D0 D0 D0 D0 E0 E0 E0 E0 24 24 10 10 10 10 10 90
1660: 10 10 10 10 10 10 10 10 10 10 10 10 10 10 10 10
1670: 10 10 B0 B0 B0 B0 B0 B0 B1 B1 B1 B1 B1 B1 10 10
1680: 10 10 10 10 10 10 10 10 10 10 10 10 10 10 10 10
1690: 10 10 10 10 10 10 10 10 10 10 10 10 10 10 10 10
16a0: 10 10 10 10 10 10 10 10 10 10 10 10 10 10 10 10
16b0: 10 10 10 10 10 10 10 10 10 10 10 10 10 10 10 10
16c0: 10 10 10 10 10 10 10 10 10 10 10 10 10 10 10 10
16d0: 10 10 10 10 10 10 10 10 10 10 10 10 10 10 10 10
16e0: 10 10 10 10 10 10 10 10 10 10 10 10 10 10 10 10
16f0: 10 10 10 10 10 10 10 10 10 10 10 10 10 10 10 10
1700: 10 10 10 10 10 10 10 10 10 10 10 10 10 10 10 10
1710: 10 10 10 10 10 10 10 10 10 10 10 10 10 10 10 10
1720: 10 10 10 10 10 10 10 10 10 10 10 10 10 10 10 10
1730: 10 10 10 10 11 12 13 10 10 10 10 10 10 10 10 10
1740: C0 C0 C0 C0 D0 D0 D0 D0 E0 E0 E0 E0 C0 C0 C0 C0
1750: D0 D0 D0 D0 E0 E0 E0 E0 24 24 10 10 10 10 10 90
1760: 10 10 10 10 10 10 10 10 10 10 10 10 10 10 10 10
1770: 10 10 B0 B0 B0 B0 B0 B0 B1 B1 B1 B1 B1 B1 10 10
1780: 10 10 10 10 10 10 10 10 10 10 10 10 10 10 10 10
1790: 10 10 10 10 10 10 10 10 10 10 10 10 10 10 10 10
17a0: 10 10 10 10 10 10 10 10 10 10 10 10 10 10 10 10
17b0: 10 10 10 10 10 10 10 10 10 10 10 10 10 10 10 10
17c0: 10 10 10 10 10 10 10 10 10 10 10 10 10 10 10 10
17d0: 10 10 10 10 10 10 10 10 10 10 10 10 10 10 10 10
17e0: 10 10 10 10 10 10 10 10 10 10 10 10 10 10 10 10
17f0: 10 10 10 10 10 10 10 10 10 10 10 10 10 10 10 10
1800: 10 10 10 10 10 10 10 10 10 10 10 10 10 10 10 10
1810: 10 10 10 10 10 10 10 10 10 10 10 10 10 10 10 10
1820: 10 10 10 10 10 10 10 10 10 10 10 10 10 10 10 10
1830: 10 10 10 10 11 12 13 10 10 10 10 10 10 10 10 10
1840: C0 C0 C0 C0 D0 D0 D0 D0 E0 E0 E0 E0 C0 C0 C0 C0
1850: D0 D0 D0 D0 E0 E0 E0 E0 24 24 10 10 10 10 10 90
1860: 10 10 10 10 10 10 10 10 10 10 10 10 10 10 10 10
1870: 10 10 B0 B0 B0 B0 B0 B0 B1 B1 B1 B1 B1 B1 10 10
1880: 10 10 10 10 10 10 10 10 10 10 10 10 10 10 10 10
1890: 10 10 10 10 10 10 10 10 10 10 10 10 10 10 10 10
18a0: 10 10 10 10 10 10 10 10 10 10 10 10 10 10 10 10
18b0: 10 10 10 10 10 10 10 10 10 10 10 10 10 10 10 10
18c0: 10 10 10 10 10 10 10 10 10 10 10 10 10 10 10 10
18d0: 10 10 10 10 10 10 10 10 10 10 10 10 10 10 10 10
18e0: 10 10 10 10 10 10 10 10 10 10 10 10 10 10 10 10
18f0: 10 10 10 10 10 10 10 10 10 10 10 10 10 10 10 10
1900: 10 10 10 10 10 10 10 10 10 10 10 10 10 10 10 10
1910: 10 10 10 10 10 10 10 10 10 10 10 10 10 10 10 10
1920: 10 10 10 10 10 10 10 10 10 10 10 10 10 10 10 10
1930: 10 10 10 10 11 12 13 10 10 10 10 10 10 10 10 10
1940: C0 C0 C0 C0 D0 D0 D0 D0 E0 E0 E0 E0 C0 C0 C0 C0
1950: D0 D0 D0 D0 E0 E0 E0 E0 24 24 10 10 10 10 10 90
1960: 10 10 10 10 10 10 10 10 10 10 10 10 10 10 10 10
1970: 10 10 B0 B0 B0 B0 B0 B0 B1 B1 B1 B1 B1 B1 10 10
1980: 10 10 10 10 10 10 10 10 10 10 10 10 10 10 10 10
1990: 10 10 10 10 10 10 10 10 10 10 10 10 10 10 10 10
19a0: 10 10 10 10 10 10 10 10 10 10 10 10 10 10 10 10
19b0: 10 10 10 10 10 10 10 10 10 10 10 10 10 10 10 10
19c0: 10 10 10 10 10 10 10 10 10 10 10 10 10 10 10 10
19d0: 10 10 10 10 10 10 10 10 10 10 10 10 10 10 10 10
19e0: 10 10 10 10 10 10 10 10 10 10 10 10 10 10 10 10
19f0: 10 10 10 10 10 10 10 10 10 10 10 10 10 10 10 10
1a00: 10 10 10 10 10 10 10 10 10 10 10 10 10 10 10 10
1a10: 10 10 10 10 10 10 10 10 10 10 10 10 10 10 10 10
1a20: 10 10 10 10 10 10 10 10 10 10 10 10 10 10 10 10
1a30: 10 10 10 10 11 12 13 10 10 10 10 10 10 10 10 10
1a40: C0 C0 C0 C0 D0 D0 D0 D0 E0 E0 E0 E0 C0 C0 C0 C0
1a50: D0 D0 D0 D0 E0 E0 E0 E0 24 24 10 10 10 10 10 90
1a60: 10 10 10 10 10 10 10 10 10 10 10 10 10 10 10 10
1a70: 10 10 B0 B0 B0 B0 B0 B0 B1 B1 B1 B1 B1 B1 10 10
1a80: 10 10 10 10 10 10 10 10 10 10 10 10 10 10 10 10
1a90: 10 10 10 10 10 10 10 10 10 10 10 10 10 10 10 10
1aa0: 10 10 10 10 10 10 10 10 10 10 10 10 10 10 10 10
1ab0: 10 10 10 10 10 10 10 10 10 10 10 10 10 10 10 10
1ac0: 10 10 10 10 10 10 10 10 10 10 10 10 10 10 10 10
1ad0: 10 10 10 10 10 10 10 10 10 10 10 10 10 10 10 10
1ae0: 10 10 10 10 10 10 10 10 10 10 10 10 10 10 10 10
1af0: 10 10 10 10 10 10 10 10 10 10 10 10 10 10 10 10
1b00: 10 10 10 10 10 10 10 10 10 10 10 10 10 10 10 10
1b10: 10 10 10 10 10 10 10 10 10 10 10 10 10 10 10 10
1b20: 10 10 10 10 10 10 10 10 10 10 10 10 10 10 10 10
1b30: 10 10 10 10 11 12 13 10 10 10 10 10 10 10 10 10
1b40: C0 C0 C0 C0 D0 D0 D0 D0 E0 E0 E0 E0 C0 C0 C0 C0
1b50: D0 D0 D0 D0 E0 E0 E0 E0 24 24 10 10 10 10 10 90
1b60: 10 10 10 10 10 10 10 10 10 10 10 10 10 10 10 10
1b70: 10 10 B0 B0 B0 B0 B0 B0 B1 B1 B1 B1 B1 B1 10 10
1b80: 10 10 10 10 10 10 10 10 10 10 10 10 10 10 10 10
1b90: 10 10 10 10 10 10 10 10 10 10 10 10 10 10 10 10
1ba0: 10 10 10 10 10 10 10 10 10 10 10 10 10 10 10 10
1bb0: 10 10 10 10 10 10 10 10 10 10 10 10 10 10 10 10
1bc0: 10 10 10 10 10 10 10 10 10 10 10 10 10 10 10 10
1bd0: 10 10 10 10 10 10 10 10 10 10 10 10 10 10 10 10
1be0: 10 10 10 10 10 10 10 10 10 10 10 10 10 10 10 10
1bf0: 10 10 10 10 10 10 10 10 10 10 10 10 10 10 10 10
1c00: 10 10 10 10 10 10 10 10 10 10 10 10 10 10 10 10
1c10: 10 10 10 10 10 10 10 10 10 10 10 10 10 10 10 10
1c20: 10 10 10 10 10 10 10 10 10 10 10 10 10 10 10 10
1c30: 10 10 10 10 11 12 13 10 10 10 10 10 10 10 10 10
1c40: C0 C0 C0 C0 D0 D0 D0 D0 E0 E0 E0 E0 C0 C0 C0 C0
1c50: D0 D0 D0 D0 E0 E0 E0 E0 24 24 10 10 10 10 10 90
1c60: 10 10 10 10 10 10 10 10 10 10 10 10 10 10 10 10
1c70: 10 10 B0 B0 B0 B0 B0 B0 B1 B1 B1 B1 B1 B1 10 10
1c80: 10 10 10 10 10 10 10 10 10 10 10 10 10 10 10 10
1c90: 10 10 10 10 10 10 10 10 10 10 10 10 10 10 10 10
1ca0: 10 10 10 10 10 10 10 10 10 10 10 10 10 10 10 10
1cb0: 10 10 10 10 10 10 10 10 10 10 10 10 10 10 10 10
1cc0: 10 10 10 10 10 10 10 10 10 10 10 10 10 10 10 10
1cd0: 10 10 10 10 10 10 10 10 10 10 10 10 10 10 10 10
1ce0: 10 10 10 10 10 10 10 10 10 10 10 10 10 10 10 10
1cf0: 10 10 10 10 10 10 10 10 10 10 10 10 10 10 10 10
1d00: 10 10 10 10 10 10 10 10 10 10 10 10 10 10 10 10
1d10: 10 10 10 10 10 10 10 10 10 10 10 10 10 10 10 10
1d20: 10 10 10 10 10 10 10 10 10 10 10 10 10 10 10 10
1d30: 10 10 10 10 11 12 13 10 10 10 10 10 10 10 10 10
1d40: C0 C0 C0 C0 D0 D0 D0 D0 E0 E0 E0 E0 C0 C0 C0 C0
1d50: D0 D0 D0 D0 E0 E0 E0 E0 24 24 10 10 10 10 10 90
1d60: 10 10 10 10 10 10 10 10 10 10 10 10 10 10 10 10
1d70: 10 10 B0 B0 B0 B0 B0 B0 B1 B1 B1 B1 B1 B1 10 10
1d80: 10 10 10 10 10 10 10 10 10 10 10 10 10 10 10 10
1d90: 10 10 10 10 10 10 10 10 10 10 10 10 10 10 10 10
1da0: 10 10 10 10 10 10 10 10 10 10 10 10 10 10 10 10
1db0: 10 10 10 10 10 10 10 10 10 10 10 10 10 10 10 10
1dc0: 10 10 10 10 10 10 10 10 10 10 10 10 10 10 10 10
1dd0: 10 10 10 10 10 10 10 10 10 10 10 10 10 10 10 10
1de0: 10 10 10 10 10 10 10 10 10 10 10 10 10 10 10 10
1df0: 10 10 10 10 10 10 10 10 10 10 10 10 10 10 10 10
1e00: 10 10 10 10 10 10 10 10 10 10 10 10 10 10 10 10
1e10: 10 10 10 10 10 10 10 10 10 10 10 10 10 10 10 10
1e20: 10 10 10 10 10 10 10 10 10 10 10 10 10 10 10 10
1e30: 10 10 10 10 11 12 13 10 10 10 10 10 10 10 10 10
1e40: C0 C0 C0 C0 D0 D0 D0 D0 E0 E0 E0 E0 C0 C0 C0 C0
1e50: D0 D0 D0 D0 E0 E0 E0 E0 24 24 10 10 10 10 10 90
1e60: 10 10 10 10 10 10 10 10 10 10 10 10 10 10 10 10
1e70: 10 10 B0 B0 B0 B0 B0 B0 B1 B1 B1 B1 B1 B1 10 10
1e80: 10 10 10 10 10 10 10 10 10 10 10 10 10 10 10 10
1e90: 10 10 10 10 10 10 10 10 10 10 10 10 10 10 10 10
1ea0: 10 10 10 10 10 10 10 10 10 10 10 10 10 10 10 10
1eb0: 10 10 10 10 10 10 10 10 10 10 10 10 10 10 10 10
1ec0: 10 10 10 10 10 10 10 10 10 10 10 10 10 10 10 10
1ed0: 10 10 10 10 10 10 10 10 10 10 10 10 10 10 10 10
1ee0: 10 10 10 10 10 10 10 10 10 10 10 10 10 10 10 10
1ef0: 10 10 10 10 10 10 10 10 10 10 10 10 10 10 10 10
1f00: 10 10 10 10 10 10 10 10 10 10 10 10 10 10 10 10
1f10: 10 10 10 10 10 10 10 10 10 10 10 10 10 10 10 10
1f20: 10 10 10 10 10 10 10 10 10 10 10 10 10 10 10 10
1f30: 10 10 10 10 11 12 13 10 10 10 10 10 10 10 10 10
1f40: C0 C0 C0 C0 D0 D0 D0 D0 E0 E0 E0 E0 C0 C0 C0 C0
1f50: D0 D0 D0 D0 E0 E0 E0 E0 24 24 10 10 10 10 10 90
1f60: 10 10 10 10 10 10 10 10 10 10 10 10 10 10 10 10
1f70: 10 10 B0 B0 B0 B0 B0 B0 B1 B1 B1 B1 B1 B1 10 10
1f80: 10 10 10 10 10 10 10 10 10 10 10 10 10 10 10 10
1f90: 10 10 10 10 10 10 10 10 10 10 10 10 10 10 10 10
1fa0: 10 10 10 10 10 10 10 10 10 10 10 10 10 10 10 10
1fb0: 10 10 10 10 10 10 10 10 10 10 10 10 10 10 10 10
1fc0: 10 10 10 10 10 10 10 10 10 10 10 10 10 10 10 10
1fd0: 10 10 10 10 10 10 10 10 10 10 10 10 10 10 10 10
1fe0: 10 10 10 10 10 10 10 10 10 10 10 10 10 10 10 10
1ff0: 10 10 10 10 10 10 10 10 10 10 10 10 10 10 10 10
2000: 24 24 24 24 24 24 24 24 24 24 24 24 24 24 24 24
2010: 24 24 24 24 24 24 24 24 24 24 24 24 24 24 24 24
2020: 24 24 24 24 24 24 24 24 24 24 24 24 24 24 24 24
2030: 24 24 24 24 25 26 27 24 24 24 24 24 24 24 24 24
2040: C4 C4 C4 C4 D4 D4 D4 D4 E4 E4 E4 E4 C4 C4 C4 C4
2050: D4 D4 D4 D4 E4 E4 E4 E4 10 10 24 24 24 24 24 A4
2060: 24 24 24 24 24 24 24 24 24 24 24 24 24 24 24 24
2070: 24 24 B4 B4 B4 B4 B4 B4 B5 B5 B5 B5 B5 B5 24 24
2080: 24 24 24 24 24 24 24 24 24 24 24 24 24 24 24 24
2090: 24 24 24 24 24 24 24 24 24 24 24 24 24 24 24 24
20a0: 24 24 24 24 24 24 24 24 24 24 24 24 24 24 24 24
20b0: 24 24 24 24 24 24 24 24 24 24 24 24 24 24 24 24
20c0: 24 24 24 24 24 24 24 24 24 24 24 24 24 24 24 24
20d0: 24 24 24 24 24 24 24 24 24 24 24 24 24 24 24 24
20e0: 24 24 24 24 24 24 24 24 24 24 24 24 24 24 24 24
20f0: 24 24 24 24 24 24 24 24 24 24 24 24 24 24 24 24
2100: 24 24 24 24 24 24 24 24 24 24 24 24 24 24 24 24
2110: 24 24 24 24 24 24 24 24 24 24 24 24 24 24 24 24
2120: 24 24 24 24 24 24 24 24 24 24 24 24 24 24 24 24
2130: 24 24 24 24 25 26 27 24 24 24 24 24 24 24 24 24
2140: C4 C4 C4 C4 D4 D4 D4 D4 E4 E4 E4 E4 C4 C4 C4 C4
2150: D4 D4 D4 D4 E4 E4 E4 E4 10 10 24 24 24 24 24 A4
2160: 24 24 24 24 24 24 24 24 24 24 24 24 24 24 24 24
2170: 24 24 B4 B4 B4 B4 B4 B4 B5 B5 B5 B5 B5 B5 24 24
2180: 24 24 24 24 24 24 24 24 24 24 24 24 24 24 24 24
2190: 24 24 24 24 24 24 24 24 24 24 24 24 24 24 24 24
21a0: 24 24 24 24 24 24 24 24 24 24 24 24 24 24 24 24
21b0: 24 24 24 24 24 24 24 24 24 24 24 24 24 24 24 24
21c0: 24 24 24 24 24 24 24 24 24 24 24 24 24 24 24 24
21d0: 24 24 24 24 24 24 24 24 24 24 24 24 24 24 24 24
21e0: 24 24 24 24 24 24 24 24 24 24 24 24 24 24 24 24
21f0: 24 24 24 24 24 24 24 24 24 24 24 24 24 24 24 24
2200: 24 24 24 24 24 24 24 24 24 24 24 24 24 24 24 24
2210: 24 24 24 24 24 24 24 24 24 24 24 24 24 24 24 24
2220: 24 24 24 24 24 24 24 24 24 24 24 24 24 24 24 24
2230: 24 24 24 24 25 26 27 24 24 24 24 24 24 24 24 24
2240: C4 C4 C4 C4 D4 D4 D4 D4 E4 E4 E4 E4 C4 C4 C4 C4
2250: D4 D4 D4 D4 E4 E4 E4 E4 10 10 24 24 24 24 24 A4
2260: 24 24 24 24 24 24 24 24 24 24 24 24 24 24 24 24
2270: 24 24 B4 B4 B4 B4 B4 B4 B5 B5 B5 B5 B5 B5 24 24
2280: 24 24 24 24 24 24 24 24 24 24 24 24 24 24 24 24
2290: 24 24 24 24 24 24 24 24 24 24 24 24 24 24 24 24
22a0: 24 24 24 24 24 24 24 24 24 24 24 24 24 24 24 24
22b0: 24 24 24 24 24 24 24 24 24 24 24 24 24 24 24 24
22c0: 24 24 24 24 24 24 24 24 24 24 24 24 24 24 24 24
22d0: 24 24 24 24 24 24 24 24 24 24 24 24 24 24 24 24
22e0: 24 24 24 24 24 24 24 24 24 24 24 24 24 24 24 24
22f0: 24 24 24 24 24 24 24 24 24 24 24 24 24 24 24 24
2300: 24 24 24 24 24 24 24 24 24 24 24 24 24 24 24 24
2310: 24 24 24 24 24 24 24 24 24 24 24 24 24 24 24 24
2320: 24 24 24 24 24 24 24 24 24 24 24 24 24 24 24 24
2330: 24 24 24 24 25 26 27 24 24 24 24 24 24 24 24 24
2340: C4 C4 C4 C4 D4 D4 D4 D4 E4 E4 E4 E4 C4 C4 C4 C4
2350: D4 D4 D4 D4 E4 E4 E4 E4 10 10 24 24 24 24 24 A4
2360: 24 24 24 24 24 24 24 24 24 24 24 24 24 24 24 24
2370: 24 24 B4 B4 B4 B4 B4 B4 B5 B5 B5 B5 B5 B5 24 24
2380: 24 24 24 24 24 24 24 24 24 24 24 24 24 24 24 24
2390: 24 24 24 24 24 24 24 24 24 24 24 24 24 24 24 24
23a0: 24 24 24 24 24 24 24 24 24 24 24 24 24 24 24 24
23b0: 24 24 24 24 24 24 24 24 24 24 24 24 24 24 24 24
23c0: 24 24 24 24 24 24 24 24 24 24 24 24 24 24 24 24
23d0: 24 24 24 24 24 24 24 24 24 24 24 24 24 24 24 24
23e0: 24 24 24 24 24 24 24 24 24 24 24 24 24 24 24 24
23f0: 24 24 24 24 24 24 24 24 24 24 24 24 24 24 24 24
2400: 24 24 24 24 24 24 24 24 24 24 24 24 24 24 24 24
2410: 24 24 24 24 24 24 24 24 24 24 24 24 24 24 24 24
2420: 24 24 24 24 24 24 24 24 24 24 24 24 24 24 24 24
2430: 24 24 24 24 25 26 27 24 24 24 24 24 24 24 24 24
2440: C4 C4 C4 C4 D4 D4 D4 D4 E4 E4 E4 E4 C4 C4 C4 C4
2450: D4 D4 D4 D4 E4 E4 E4 E4 10 10 24 24 24 24 24 A4
2460: 24 24 24 24 24 24 24 24 24 24 24 24 24 24 24 24
2470: 24 24 B4 B4 B4 B4 B4 B4 B5 B5 B5 B5 B5 B5 24 24
2480: 24 24 24 24 24 24 24 24 24 24 24 24 24 24 24 24
2490: 24 24 24 24 24 24 24 24 24 24 24 24 24 24 24 24
24a0: 24 24 24 24 24 24 24 24 24 24 24 24 24 24 24 24
24b0: 24 24 24 24 24 24 24 24 24 24 24 24 24 24 24 24
24c0: 24 24 24 24 24 24 24 24 24 24 24 24 24 24 24 24
24d0: 24 24 24 24 24 24 24 24 24 24 24 24 24 24 24 24
24e0: 24 24 24 24 24 24 24 24 24 24 24 24 24 24 24 24
24f0: 24 24 24 24 24 24 24 24 24 24 24 24 24 24 24 24
2500: 24 24 24 24 24 24 24 24 24 24 24 24 24 24 24 24
2510: 24 24 24 24 24 24 24 24 24 24 24 24 24 24 24 24
2520: 24 24 24 24 24 24 24 24 24 24 24 24 24 24 24 24
2530: 24 24 24 24 25 26 27 24 24 24 24 24 24 24 24 24
2540: C4 C4 C4 C4 D4 D4 D4 D4 E4 E4 E4 E4 C4 C4 C4 C4
2550: D4 D4 D4 D4 E4 E4 E4 E4 10 10 24 24 24 24 24 A4
2560: 24 24 24 24 24 24 24 24 24 24 24 24 24 24 24 24
2570: 24 24 B4 B4 B4 B4 B4 B4 B5 B5 B5 B5 B5 B5 24 24
2580: 24 24 24 24 24 24 24 24 24 24 24 24 24 24 24 24
2590: 24 24 24 24 24 24 24 24 24 24 24 24 24 24 24 24
25a0: 24 24 24 24 24 24 24 24 24 24 24 24 24 24 24 24
25b0: 24 24 24 24 24 24 24 24 24 24 24 24 24 24 24 24
25c0: 24 24 24 24 24 24 24 24 24 24 24 24 24 24 24 24
25d0: 24 24 24 24 24 24 24 24 24 24 24 24 24 24 24 24
25e0: 24 24 24 24 24 24 24 24 24 24 24 24 24 24 24 24
25f0: 24 24 24 24 24 24 24 24 24 24 24 24 24 24 24 24
2600: 24 24 24 24 24 24 24 24 24 24 24 24 24 24 24 24
2610: 24 24 24 24 24 24 24 24 24 24 24 24 24 24 24 24
2620: 24 24 24 24 24 24 24 24 24 24 24 24 24 24 24 24
2630: 24 24 24 24 25 26 27 24 24 24 24 24 24 24 24 24
2640: C4 C4 C4 C4 D4 D4 D4 D4 E4 E4 E4 E4 C4 C4 C4 C4
2650: D4 D4 D4 D4 E4 E4 E4 E4 10 10 24 24 24 24 24 A4
2660: 24 24 24 24 24 24 24 24 24 24 24 24 24 24 24 24
2670: 24 24 B4 B4 B4 B4 B4 B4 B5 B5 B5 B5 B5 B5 24 24
2680: 24 24 24 24 24 24 24 24 24 24 24 24 24 24 24 24
2690: 24 24 24 24 24 24 24 24 24 24 24 24 24 24 24 24
26a0: 24 24 24 24 24 24 24 24 24 24 24 24 24 24 24 24
26b0: 24 24 24 24 24 24 24 24 24 24 24 24 24 24 24 24
26c0: 24 24 24 24 24 24 24 24 24 24 24 24 24 24 24 24
26d0: 24 24 24 24 24 24 24 24 24 24 24 24 24 24 24 24
26e0: 24 24 24 24 24 24 24 24 24 24 24 24 24 24 24 24
26f0: 24 24 24 24 24 24 24 24 24 24 24 24 24 24 24 24
2700: 24 24 24 24 24 24 24 24 24 24 24 24 24 24 24 24
2710: 24 24 24 24 24 24 24 24 24 24 24 24 24 24 24 24
2720: 24 24 24 24 24 24 24 24 24 24 24 24 24 24 24 24
2730: 24 24 24 24 25 26 27 24 24 24 24 24 24 24 24 24
2740: C4 C4 C4 C4 D4 D4 D4 D4 E4 E4 E4 E4 C4 C4 C4 C4
2750: D4 D4 D4 D4 E4 E4 E4 E4 10 10 24 24 24 24 24 A4
2760: 24 24 24 24 24 24 24 24 24 24 24 24 24 24 24 24
2770: 24 24 B4 B4 B4 B4 B4 B4 B5 B5 B5 B5 B5 B5 24 24
2780: 24 24 24 24 24 24 24 24 24 24 24 24 24 24 24 24
2790: 24 24 24 24 24 24 24 24 24 24 24 24 24 24 24 24
27a0: 24 24 24 24 24 24 24 24 24 24 24 24 24 24 24 24
27b0: 24 24 24 24 24 24 24 24 24 24 24 24 24 24 24 24
27c0: 24 24 24 24 24 24 24 24 24 24 24 24 24 24 24 24
27d0: 24 24 24 24 24 24 24 24 24 24 24 24 24 24 24 24
27e0: 24 24 24 24 24 24 24 24 24 24 24 24 24 24 24 24
27f0: 24 24 24 24 24 24 24 24 24 24 24 24 24 24 24 24
2800: 24 24 24 24 24 24 24 24 24 24 24 24 24 24 24 24
2810: 24 24 24 24 24 24 24 24 24 24 24 24 24 24 24 24
2820: 24 24 24 24 24 24 24 24 24 24 24 24 24 24 24 24
2830: 24 24 24 24 25 26 27 24 24 24 24 24 24 24 24 24
2840: C4 C4 C4 C4 D4 D4 D4 D4 E4 E4 E4 E4 C4 C4 C4 C4
2850: D4 D4 D4 D4 E4 E4 E4 E4 10 10 24 24 24 24 24 A4
2860: 24 24 24 24 24 24 24 24 24 24 24 24 24 24 24 24
2870: 24 24 B4 B4 B4 B4 B4 B4 B5 B5 B5 B5 B5 B5 24 24
2880: 24 24 24 24 24 24 24 24 24 24 24 24 24 24 24 24
2890: 24 24 24 24 24 24 24 24 24 24 24 24 24 24 24 24
28a0: 24 24 24 24 24 24 24 24 24 24 24 24 24 24 24 24
28b0: 24 24 24 24 24 24 24 24 24 24 24 24 24 24 24 24
28c0: 24 24 24 24 24 24 24 24 24 24 24 24 24 24 24 24
28d0: 24 24 24 24 24 24 24 24 24 24 24 24 24 24 24 24
28e0: 24 24 24 24 24 24 24 24 24 24 24 24 24 24 24 24
28f0: 24 24 24 24 24 24 24 24 24 24 24 24 24 24 24 24
2900: 24 24 24 24 24 24 24 24 24 24 24 24 24 24 24 24
2910: 24 24 24 24 24 24 24 24 24 24 24 24 24 24 24 24
2920: 24 24 24 24 24 24 24 24 24 24 24 24 24 24 24 24
2930: 24 24 24 24 25 26 27 24 24 24 24 24 24 24 24 24
2940: C4 C4 C4 C4 D4 D4 D4 D4 E4 E4 E4 E4 C4 C4 C4 C4
2950: D4 D4 D4 D4 E4 E4 E4 E4 10 10 24 24 24 24 24 A4
2960: 24 24 24 24 24 24 24 24 24 24 24 24 24 24 24 24
2970: 24 24 B4 B4 B4 B4 B4 B4 B5 B5 B5 B5 B5 B5 24 24
2980: 24 24 24 24 24 24 24 24 24 24 24 24 24 24 24 24
2990: 24 24 24 24 24 24 24 24 24 24 24 24 24 24 24 24
29a0: 24 24 24 24 24 24 24 24 24 24 24 24 24 24 24 24
29b0: 24 24 24 24 24 24 24 24 24 24 24 24 24 24 24 24
29c0: 24 24 24 24 24 24 24 24 24 24 24 24 24 24 24 24
29d0: 24 24 24 24 24 24 24 24 24 24 24 24 24 24 24 24
29e0: 24 24 24 24 24 24 24 24 24 24 24 24 24 24 24 24
29f0: 24 24 24 24 24 24 24 24 24 24 24 24 24 24 24 24
2a00: 24 24 24 24 24 24 24 24 24 24 24 24 24 24 24 24
2a10: 24 24 24 24 24 24 24 24 24 24 24 24 24 24 24 24
2a20: 24 24 24 24 24 24 24 24 24 24 24 24 24 24 24 24
2a30: 24 24 24 24 25 26 27 24 24 24 24 24 24 24 24 24
2a40: C4 C4 C4 C4 D4 D4 D4 D4 E4 E4 E4 E4 C4 C4 C4 C4
2a50: D4 D4 D4 D4 E4 E4 E4 E4 10 10 24 24 24 24 24 A4
2a60: 24 24 24 24 24 24 24 24 24 24 24 24 24 24 24 24
2a70: 24 24 B4 B4 B4 B4 B4 B4 B5 B5 B5 B5 B5 B5 24 24
2a80: 24 24 24 24 24 24 24 24 24 24 24 24 24 24 24 24
2a90: 24 24 24 24 24 24 24 24 24 24 24 24 24 24 24 24
2aa0: 24 24 24 24 24 24 24 24 24 24 24 24 24 24 24 24
2ab0: 24 24 24 24 24 24 24 24 24 24 24 24 24 24 24 24
2ac0: 24 24 24 24 24 24 24 24 24 24 24 24 24 24 24 24
2ad0: 24 24 24 24 24 24 24 24 24 24 24 24 24 24 24 24
2ae0: 24 24 24 24 24 24 24 24 24 24 24 24 24 24 24 24
2af0: 24 24 24 24 24 24 24 24 24 24 24 24 24 24 24 24
2b00: 24 24 24 24 24 24 24 24 24 24 24 24 24 24 24 24
2b10: 24 24 24 24 24 24 24 24 24 24 24 24 24 24 24 24
2b20: 24 24 24 24 24 24 24 24 24 24 24 24 24 24 24 24
2b30: 24 24 24 24 25 26 27 24 24 24 24 24 24 24 24 24
2b40: C4 C4 C4 C4 D4 D4 D4 D4 E4 E4 E4 E4 C4 C4 C4 C4
2b50: D4 D4 D4 D4 E4 E4 E4 E4 10 10 24 24 24 24 24 A4
2b60: 24 24 24 24 24 24 24 24 24 24 24 24 24 24 24 24
2b70: 24 24 B4 B4 B4 B4 B4 B4 B5 B5 B5 B5 B5 B5 24 24
2b80: 24 24 24 24 24 24 24 24 24 24 24 24 24 24 24 24
2b90: 24 24 24 24 24 24 24 24 24 24 24 24 24 24 24 24
2ba0: 24 24 24 24 24 24 24 24 24 24 24 24 24 24 24 24
2bb0: 24 24 24 24 24 24 24 24 24 24 24 24 24 24 24 24
2bc0: 24 24 24 24 24 24 24 24 24 24 24 24 24 24 24 24
2bd0: 24 24 24 24 24 24 24 24 24 24 24 24 24 24 24 24
2be0: 24 24 24 24 24 24 24 24 24 24 24 24 24 24 24 24
2bf0: 24 24 24 24 24 24 24 24 24 24 24 24 24 24 24 24
2c00: 24 24 24 24 24 24 24 24 24 24 24 24 24 24 24 24
2c10: 24 24 24 24 24 24 24 24 24 24 24 24 24 24 24 24
2c20: 24 24 24 24 24 24 24 24 24 24 24 24 24 24 24 24
2c30: 24 24 24 24 25 26 27 24 24 24 24 24 24 24 24 24
2c40: C4 C4 C4 C4 D4 D4 D4 D4 E4 E4 E4 E4 C4 C4 C4 C4
2c50: D4 D4 D4 D4 E4 E4 E4 E4 10 10 24 24 24 24 24 A4
2c60: 24 24 24 24 24 24 24 24 24 24 24 24 24 24 24 24
2c70: 24 24 B4 B4 B4 B4 B4 B4 B5 B5 B5 B5 B5 B5 24 24
2c80: 24 24 24 24 24 24 24 24 24 24 24 24 24 24 24 24
2c90: 24 24 24 24 24 24 24 24 24 24 24 24 24 24 24 24
2ca0: 24 24 24 24 24 24 24 24 24 24 24 24 24 24 24 24
2cb0: 24 24 24 24 24 24 24 24 24 24 24 24 24 24 24 24
2cc0: 24 24 24 24 24 24 24 24 24 24 24 24 24 24 24 24
2cd0: 24 24 24 24 24 24 24 24 24 24 24 24 24 24 24 24
2ce0: 24 24 24 24 24 24 24 24 24 24 24 24 24 24 24 24
2cf0: 24 24 24 24 24 24 24 24 24 24 24 24 24 24 24 24
2d00: 24 24 24 24 24 24 24 24 24 24 24 24 24 24 24 24
2d10: 24 24 24 24 24 24 24 24 24 24 24 24 24 24 24 24
2d20: 24 24 24 24 24 24 24 24 24 24 24 24 24 24 24 24
2d30: 24 24 24 24 25 26 27 24 24 24 24 24 24 24 24 24
2d40: C4 C4 C4 C4 D4 D4 D4 D4 E4 E4 E4 E4 C4 C4 C4 C4
2d50: D4 D4 D4 D4 E4 E4 E4 E4 10 10 24 24 24 24 24 A4
2d60: 24 24 24 24 24 24 24 24 24 24 24 24 24 24 24 24
2d70: 24 24 B4 B4 B4 B4 B4 B4 B5 B5 B5 B5 B5 B5 24 24
2d80: 24 24 24 24 24 24 24 24 24 24 24 24 24 24 24 24
2d90: 24 24 24 24 24 24 24 24 24 24 24 24 24 24 24 24
2da0: 24 24 24 24 24 24 24 24 24 24 24 24 24 24 24 24
2db0: 24 24 24 24 24 24 24 24 24 24 24 24 24 24 24 24
2dc0: 24 24 24 24 24 24 24 24 24 24 24 24 24 24 24 24
2dd0: 24 24 24 24 24 24 24 24 24 24 24 24 24 24 24 24
2de0: 24 24 24 24 24 24 24 24 24 24 24 24 24 24 24 24
2df0: 24 24 24 24 24 24 24 24 24 24 24 24 24 24 24 24
2e00: 24 24 24 24 24 24 24 24 24 24 24 24 24 24 24 24
2e10: 24 24 24 24 24 24 24 24 24 24 24 24 24 24 24 24
2e20: 24 24 24 24 24 24 24 24 24 24 24 24 24 24 24 24
2e30: 24 24 24 24 25 26 27 24 24 24 24 24 24 24 24 24
2e40: C4 C4 C4 C4 D4 D4 D4 D4 E4 E4 E4 E4 C4 C4 C4 C4
2e50: D4 D4 D4 D4 E4 E4 E4 E4 10 10 24 24 24 24 24 A4
2e60: 24 24 24 24 24 24 24 24 24 24 24 24 24 24 24 24
2e70: 24 24 B4 B4 B4 B4 B4 B4 B5 B5 B5 B5 B5 B5 24 24
2e80: 24 24 24 24 24 24 24 24 24 24 24 24 24 24 24 24
2e90: 24 24 24 24 24 24 24 24 24 24 24 24 24 24 24 24
2ea0: 24 24 24 24 24 24 24 24 24 24 24 24 24 24 24 24
2eb0: 24 24 24 24 24 24 24 24 24 24 24 24 24 24 24 24
2ec0: 24 24 24 24 24 24 24 24 24 24 24 24 24 24 24 24
2ed0: 24 24 24 24 24 24 24 24 24 24 24 24 24 24 24 24
2ee0: 24 24 24 24 24 24 24 24 24 24 24 24 24 24 24 24
2ef0: 24 24 24 24 24 24 24 24 24 24 24 24 24 24 24 24
2f00: 24 24 24 24 24 24 24 24 24 24 24 24 24 24 24 24
2f10: 24 24 24 24 24 24 24 24 24 24 24 24 24 24 24 24
2f20: 24 24 24 24 24 24 24 24 24 24 24 24 24 24 24 24
2f30: 24 24 24 24 25 26 27 24 24 24 24 24 24 24 24 24
2f40: C4 C4 C4 C4 D4 D4 D4 D4 E4 E4 E4 E4 C4 C4 C4 C4
2f50: D4 D4 D4 D4 E4 E4 E4 E4 10 10 24 24 24 24 24 A4
2f60: 24 24 24 24 24 24 24 24 24 24 24 24 24 24 24 24
2f70: 24 24 B4 B4 B4 B4 B4 B4 B5 B5 B5 B5 B5 B5 24 24
2f80: 24 24 24 24 24 24 24 24 24 24 24 24 24 24 24 24
2f90: 24 24 24 24 24 24 24 24 24 24 24 24 24 24 24 24
2fa0: 24 24 24 24 24 24 24 24 24 24 24 24 24 24 24 24
2fb0: 24 24 24 24 24 24 24 24 24 24 24 24 24 24 24 24
2fc0: 24 24 24 24 24 24 24 24 24 24 24 24 24 24 24 24
2fd0: 24 24 24 24 24 24 24 24 24 24 24 24 24 24 24 24
2fe0: 24 24 24 24 24 24 24 24 24 24 24 24 24 24 24 24
2ff0: 24 24 24 24 24 24 24 24 24 24 24 24 24 24 24 24
3000: 24 24 24 24 24 24 24 24 24 24 24 24 24 24 24 24
3010: 24 24 24 24 24 24 24 24 24 24 24 24 24 24 24 24
3020: 24 24 24 24 24 24 24 24 24 24 24 24 24 24 24 24
3030: 24 24 24 24 25 26 27 24 24 24 24 24 24 24 24 24
3040: C4 C4 C4 C4 D4 D4 D4 D4 E4 E4 E4 E4 C4 C4 C4 C4
3050: D4 D4 D4 D4 E4 E4 E4 E4 10 10 24 24 24 24 24 A4
3060: 24 24 24 24 24 24 24 24 24 24 24 24 24 24 24 24
3070: 24 24 B4 B4 B4 B4 B4 B4 B5 B5 B5 B5 B5 B5 24 24
3080: 24 24 24 24 24 24 24 24 24 24 24 24 24 24 24 24
3090: 24 24 24 24 24 24 24 24 24 24 24 24 24 24 24 24
30a0: 24 24 24 24 24 24 24 24 24 24 24 24 24 24 24 24
30b0: 24 24 24 24 24 24 24 24 24 24 24 24 24 24 24 24
30c0: 24 24 24 24 24 24 24 24 24 24 24 24 24 24 24 24
30d0: 24 24 24 24 24 24 24 24 24 24 24 24 24 24 24 24
30e0: 24 24 24 24 24 24 24 24 24 24 24 24 24 24 24 24
30f0: 24 24 24 24 24 24 24 24 24 24 24 24 24 24 24 24
3100: 24 24 24 24 24 24 24 24 24 24 24 24 24 24 24 24
3110: 24 24 24 24 24 24 24 24 24 24 24 24 24 24 24 24
3120: 24 24 24 24 24 24 24 24 24 24 24 24 24 24 24 24
3130: 24 24 24 24 25 26 27 24 24 24 24 24 24 24 24 24
3140: C4 C4 C4 C4 D4 D4 D4 D4 E4 E4 E4 E4 C4 C4 C4 C4
3150: D4 D4 D4 D4 E4 E4 E4 E4 10 10 24 24 24 24 24 A4
3160: 24 24 24 24 24 24 24 24 24 24 24 24 24 24 24 24
3170: 24 24 B4 B4 B4 B4 B4 B4 B5 B5 B5 B5 B5 B5 24 24
3180: 24 24 24 24 24 24 24 24 24 24 24 24 24 24 24 24
3190: 24 24 24 24 24 24 24 24 24 24 24 24 24 24 24 24
31a0: 24 24 24 24 24 24 24 24 24 24 24 24 24 24 24 24
31b0: 24 24 24 24 24 24 24 24 24 24 24 24 24 24 24 24
31c0: 24 24 24 24 24 24 24 24 24 24 24 24 24 24 24 24
31d0: 24 24 24 24 24 24 24 24 24 24 24 24 24 24 24 24
31e0: 24 24 24 24 24 24 24 24 24 24 24 24 24 24 24 24
31f0: 24 24 24 24 24 24 24 24 24 24 24 24 24 24 24 24
3200: 24 24 24 24 24 24 24 24 24 24 24 24 24 24 24 24
3210: 24 24 24 24 24 24 24 24 24 24 24 24 24 24 24 24
3220: 24 24 24 24 24 24 24 24 24 24 24 24 24 24 24 24
3230: 24 24 24 24 25 26 27 24 24 24 24 24 24 24 24 24
3240: C4 C4 C4 C4 D4 D4 D4 D4 E4 E4 E4 E4 C4 C4 C4 C4
3250: D4 D4 D4 D4 E4 E4 E4 E4 10 10 24 24 24 24 24 A4
3260: 24 24 24 24 24 24 24 24 24 24 24 24 24 24 24 24
3270: 24 24 B4 B4 B4 B4 B4 B4 B5 B5 B5 B5 B5 B5 24 24
3280: 24 24 24 24 24 24 24 24 24 24 24 24 24 24 24 24
3290: 24 24 24 24 24 24 24 24 24 24 24 24 24 24 24 24
32a0: 24 24 24 24 24 24 24 24 24 24 24 24 24 24 24 24
32b0: 24 24 24 24 24 24 24 24 24 24 24 24 24 24 24 24
32c0: 24 24 24 24 24 24 24 24 24 24 24 24 24 24 24 24
32d0: 24 24 24 24 24 24 24 24 24 24 24 24 24 24 24 24
32e0: 24 24 24 24 24 24 24 24 24 24 24 24 24 24 24 24
32f0: 24 24 24 24 24 24 24 24 24 24 24 24 24 24 24 24
3300: 24 24 24 24 24 24 24 24 24 24 24 24 24 24 24 24
3310: 24 24 24 24 24 24 24 24 24 24 24 24 24 24 24 24
3320: 24 24 24 24 24 24 24 24 24 24 24 24 24 24 24 24
3330: 24 24 24 24 25 26 27 24 24 24 24 24 24 24 24 24
3340: C4 C4 C4 C4 D4 D4 D4 D4 E4 E4 E4 E4 C4 C4 C4 C4
3350: D4 D4 D4 D4 E4 E4 E4 E4 10 10 24 24 24 24 24 A4
3360: 24 24 24 24 24 24 24 24 24 24 24 24 24 24 24 24
3370: 24 24 B4 B4 B4 B4 B4 B4 B5 B5 B5 B5 B5 B5 24 24
3380: 24 24 24 24 24 24 24 24 24 24 24 24 24 24 24 24
3390: 24 24 24 24 24 24 24 24 24 24 24 24 24 24 24 24
33a0: 24 24 24 24 24 24 24 24 24 24 24 24 24 24 24 24
33b0: 24 24 24 24 24 24 24 24 24 24 24 24 24 24 24 24
33c0: 24 24 24 24 24 24 24 24 24 24 24 24 24 24 24 24
33d0: 24 24 24 24 24 24 24 24 24 24 24 24 24 24 24 24
33e0: 24 24 24 24 24 24 24 24 24 24 24 24 24 24 24 24
33f0: 24 24 24 24 24 24 24 24 24 24 24 24 24 24 24 24
3400: 24 24 24 24 24 24 24 24 24 24 24 24 24 24 24 24
3410: 24 24 24 24 24 24 24 24 24 24 24 24 24 24 24 24
3420: 24 24 24 24 24 24 24 24 24 24 24 24 24 24 24 24
3430: 24 24 24 24 25 26 27 24 24 24 24 24 24 24 24 24
3440: C4 C4 C4 C4 D4 D4 D4 D4 E4 E4 E4 E4 C4 C4 C4 C4
3450: D4 D4 D4 D4 E4 E4 E4 E4 10 10 24 24 24 24 24 A4
3460: 24 24 24 24 24 24 24 24 24 24 24 24 24 24 24 24
3470: 24 24 B4 B4 B4 B4 B4 B4 B5 B5 B5 B5 B5 B5 24 24
3480: 24 24 24 24 24 24 24 24 24 24 24 24 24 24 24 24
3490: 24 24 24 24 24 24 24 24 24 24 24 24 24 24 24 24
34a0: 24 24 24 24 24 24 24 24 24 24 24 24 24 24 24 24
34b0: 24 24 24 24 24 24 24 24 24 24 24 24 24 24 24 24
34c0: 24 24 24 24 24 24 24 24 24 24 24 24 24 24 24 24
34d0: 24 24 24 24 24 24 24 24 24 24 24 24 24 24 24 24
34e0: 24 24 24 24 24 24 24 24 24 24 24 24 24 24 24 24
34f0: 24 24 24 24 24 24 24 24 24 24 24 24 24 24 24 24
3500: 24 24 24 24 24 24 24 24 24 24 24 24 24 24 24 24
3510: 24 24 24 24 24 24 24 24 24 24 24 24 24 24 24 24
3520: 24 24 24 24 24 24 24 24 24 24 24 24 24 24 24 24
3530: 24 24 24 24 25 26 27 24 24 24 24 24 24 24 24 24
3540: C4 C4 C4 C4 D4 D4 D4 D4 E4 E4 E4 E4 C4 C4 C4 C4
3550: D4 D4 D4 D4 E4 E4 E4 E4 10 10 24 24 24 24 24 A4
3560: 24 24 24 24 24 24 24 24 24 24 24 24 24 24 24 24
3570: 24 24 B4 B4 B4 B4 B4 B4 B5 B5 B5 B5 B5 B5 24 24
3580: 24 24 24 24 24 24 24 24 24 24 24 24 24 24 24 24
3590: 24 24 24 24 24 24 24 24 24 24 24 24 24 24 24 24
35a0: 24 24 24 24 24 24 24 24 24 24 24 24 24 24 24 24
35b0: 24 24 24 24 24 24 24 24 24 24 24 24 24 24 24 24
35c0: 24 24 24 24 24 24 24 24 24 24 24 24 24 24 24 24
35d0: 24 24 24 24 24 24 24 24 24 24 24 24 24 24 24 24
35e0: 24 24 24 24 24 24 24 24 24 24 24 24 24 24 24 24
35f0: 24 24 24 24 24 24 24 24 24 24 24 24 24 24 24 24
3600: 24 24 24 24 24 24 24 24 24 24 24 24 24 24 24 24
3610: 24 24 24 24 24 24 24 24 24 24 24 24 24 24 24 24
3620: 24 24 24 24 24 24 24 24 24 24 24 24 24 24 24 24
3630: 24 24 24 24 25 26 27 24 24 24 24 24 24 24 24 24
3640: C4 C4 C4 C4 D4 D4 D4 D4 E4 E4 E4 E4 C4 C4 C4 C4
3650: D4 D4 D4 D4 E4 E4 E4 E4 10 10 24 24 24 24 24 A4
3660: 24 24 24 24 24 24 24 24 24 24 24 24 24 24 24 24
3670: 24 24 B4 B4 B4 B4 B4 B4 B5 B5 B5 B5 B5 B5 24 24
3680: 24 24 24 24 24 24 24 24 24 24 24 24 24 24 24 24
3690: 24 24 24 24 24 24 24 24 24 24 24 24 24 24 24 24
36a0: 24 24 24 24 24 24 24 24 24 24 24 24 24 24 24 24
36b0: 24 24 24 24 24 24 24 24 24 24 24 24 24 24 24 24
36c0: 24 24 24 24 24 24 24 24 24 24 24 24 24 24 24 24
36d0: 24 24 24 24 24 24 24 24 24 24 24 24 24 24 24 24
36e0: 24 24 24 24 24 24 24 24 24 24 24 24 24 24 24 24
36f0: 24 24 24 24 24 24 24 24 24 24 24 24 24 24 24 24
3700: 24 24 24 24 24 24 24 24 24 24 24 24 24 24 24 24
3710: 24 24 24 24 24 24 24 24 24 24 24 24 24 24 24 24
3720: 24 24 24 24 24 24 24 24 24 24 24 24 24 24 24 24
3730: 24 24 24 24 25 26 27 24 24 24 24 24 24 24 24 24
3740: C4 C4 C4 C4 D4 D4 D4 D4 E4 E4 E4 E4 C4 C4 C4 C4
3750: D4 D4 D4 D4 E4 E4 E4 E4 10 10 24 24 24 24 24 A4
3760: 24 24 24 24 24 24 24 24 24 24 24 24 24 24 24 24
3770: 24 24 B4 B4 B4 B4 B4 B4 B5 B5 B5 B5 B5 B5 24 24
3780: 24 24 24 24 24 24 24 24 24 24 24 24 24 24 24 24
3790: 24 24 24 24 24 24 24 24 24 24 24 24 24 24 24 24
37a0: 24 24 24 24 24 24 24 24 24 24 24 24 24 24 24 24
37b0: 24 24 24 24 24 24 24 24 24 24 24 24 24 24 24 24
37c0: 24 24 24 24 24 24 24 24 24 24 24 24 24 24 24 24
37d0: 24 24 24 24 24 24 24 24 24 24 24 24 24 24 24 24
37e0: 24 24 24 24 24 24 24 24 24 24 24 24 24 24 24 24
37f0: 24 24 24 24 24 24 24 24 24 24 24 24 24 24 24 24
3800: 24 24 24 24 24 24 24 24 24 24 24 24 24 24 24 24
3810: 24 24 24 24 24 24 24 24 24 24 24 24 24 24 24 24
3820: 24 24 24 24 24 24 24 24 24 24 24 24 24 24 24 24
3830: 24 24 24 24 25 26 27 24 24 24 24 24 24 24 24 24
3840: C4 C4 C4 C4 D4 D4 D4 D4 E4 E4 E4 E4 C4 C4 C4 C4
3850: D4 D4 D4 D4 E4 E4 E4 E4 10 10 24 24 24 24 24 A4
3860: 24 24 24 24 24 24 24 24 24 24 24 24 24 24 24 24
3870: 24 24 B4 B4 B4 B4 B4 B4 B5 B5 B5 B5 B5 B5 24 24
3880: 24 24 24 24 24 24 24 24 24 24 24 24 24 24 24 24
3890: 24 24 24 24 24 24 24 24 24 24 24 24 24 24 24 24
38a0: 24 24 24 24 24 24 24 24 24 24 24 24 24 24 24 24
38b0: 24 24 24 24 24 24 24 24 24 24 24 24 24 24 24 24
38c0: 24 24 24 24 24 24 24 24 24 24 24 24 24 24 24 24
38d0: 24 24 24 24 24 24 24 24 24 24 24 24 24 24 24 24
38e0: 24 24 24 24 24 24 24 24 24 24 24 24 24 24 24 24
38f0: 24 24 24 24 24 24 24 24 24 24 24 24 24 24 24 24
3900: 24 24 24 24 24 24 24 24 24 24 24 24 24 24 24 24
3910: 24 24 24 24 24 24 24 24 24 24 24 24 24 24 24 24
3920: 24 24 24 24 24 24 24 24 24 24 24 24 24 24 24 24
3930: 24 24 24 24 25 26 27 24 24 24 24 24 24 24 24 24
3940: C4 C4 C4 C4 D4 D4 D4 D4 E4 E4 E4 E4 C4 C4 C4 C4
3950: D4 D4 D4 D4 E4 E4 E4 E4 10 10 24 24 24 24 24 A4
3960: 24 24 24 24 24 24 24 24 24 24 24 24 24 24 24 24
3970: 24 24 B4 B4 B4 B4 B4 B4 B5 B5 B5 B5 B5 B5 24 24
3980: 24 24 24 24 24 24 24 24 24 24 24 24 24 24 24 24
3990: 24 24 24 24 24 24 24 24 24 24 24 24 24 24 24 24
39a0: 24 24 24 24 24 24 24 24 24 24 24 24 24 24 24 24
39b0: 24 24 24 24 24 24 24 24 24 24 24 24 24 24 24 24
39c0: 24 24 24 24 24 24 24 24 24 24 24 24 24 24 24 24
39d0: 24 24 24 24 24 24 24 24 24 24 24 24 24 24 24 24
39e0: 24 24 24 24 24 24 24 24 24 24 24 24 24 24 24 24
39f0: 24 24 24 24 24 24 24 24 24 24 24 24 24 24 24 24
3a00: 24 24 24 24 24 24 24 24 24 24 24 24 24 24 24 24
3a10: 24 24 24 24 24 24 24 24 24 24 24 24 24 24 24 24
3a20: 24 24 24 24 24 24 24 24 24 24 24 24 24 24 24 24
3a30: 24 24 24 24 25 26 27 24 24 24 24 24 24 24 24 24
3a40: C4 C4 C4 C4 D4 D4 D4 D4 E4 E4 E4 E4 C4 C4 C4 C4
3a50: D4 D4 D4 D4 E4 E4 E4 E4 10 10 24 24 24 24 24 A4
3a60: 24 24 24 24 24 24 24 24 24 24 24 24 24 24 24 24
3a70: 24 24 B4 B4 B4 B4 B4 B4 B5 B5 B5 B5 B5 B5 24 24
3a80: 24 24 24 24 24 24 24 24 24 24 24 24 24 24 24 24
3a90: 24 24 24 24 24 24 24 24 24 24 24 24 24 24 24 24
3aa0: 24 24 24 24 24 24 24 24 24 24 24 24 24 24 24 24
3ab0: 24 24 24 24 24 24 24 24 24 24 24 24 24 24 24 24
3ac0: 24 24 24 24 24 24 24 24 24 24 24 24 24 24 24 24
3ad0: 24 24 24 24 24 24 24 24 24 24 24 24 24 24 24 24
3ae0: 24 24 24 24 24 24 24 24 24 24 24 24 24 24 24 24
3af0: 24 24 24 24 24 24 24 24 24 24 24 24 24 24 24 24
3b00: 24 24 24 24 24 24 24 24 24 24 24 24 24 24 24 24
3b10: 24 24 24 24 24 24 24 24 24 24 24 24 24 24 24 24
3b20: 24 24 24 24 24 24 24 24 24 24 24 24 24 24 24 24
3b30: 24 24 24 24 25 26 27 24 24 24 24 24 24 24 24 24
3b40: C4 C4 C4 C4 D4 D4 D4 D4 E4 E4 E4 E4 C4 C4 C4 C4
3b50: D4 D4 D4 D4 E4 E4 E4 E4 10 10 24 24 24 24 24 A4
3b60: 24 24 24 24 24 24 24 24 24 24 24 24 24 24 24 24
3b70: 24 24 B4 B4 B4 B4 B4 B4 B5 B5 B5 B5 B5 B5 24 24
3b80: 24 24 24 24 24 24 24 24 24 24 24 24 24 24 24 24
3b90: 24 24 24 24 24 24 24 24 24 24 24 24 24 24 24 24
3ba0: 24 24 24 24 24 24 24 24 24 24 24 24 24 24 24 24
3bb0: 24 24 24 24 24 24 24 24 24 24 24 24 24 24 24 24
3bc0: 24 24 24 24 24 24 24 24 24 24 24 24 24 24 24 24
3bd0: 24 24 24 24 24 24 24 24 24 24 24 24 24 24 24 24
3be0: 24 24 24 24 24 24 24 24 24 24 24 24 24 24 24 24
3bf0: 24 24 24 24 24 24 24 24 24 24 24 24 24 24 24 24
3c00: 24 24 24 24 24 24 24 24 24 24 24 24 24 24 24 24
3c10: 24 24 24 24 24 24 24 24 24 24 24 24 24 24 24 24
3c20: 24 24 24 24 24 24 24 24 24 24 24 24 24 24 24 24
3c30: 24 24 24 24 25 26 27 24 24 24 24 24 24 24 24 24
3c40: C4 C4 C4 C4 D4 D4 D4 D4 E4 E4 E4 E4 C4 C4 C4 C4
3c50: D4 D4 D4 D4 E4 E4 E4 E4 10 10 24 24 24 24 24 A4
3c60: 24 24 24 24 24 24 24 24 24 24 24 24 24 24 24 24
3c70: 24 24 B4 B4 B4 B4 B4 B4 B5 B5 B5 B5 B5 B5 24 24
3c80: 24 24 24 24 24 24 24 24 24 24 24 24 24 24 24 24
3c90: 24 24 24 24 24 24 24 24 24 24 24 24 24 24 24 24
3ca0: 24 24 24 24 24 24 24 24 24 24 24 24 24 24 24 24
3cb0: 24 24 24 24 24 24 24 24 24 24 24 24 24 24 24 24
3cc0: 24 24 24 24 24 24 24 24 24 24 24 24 24 24 24 24
3cd0: 24 24 24 24 24 24 24 24 24 24 24 24 24 24 24 24
3ce0: 24 24 24 24 24 24 24 24 24 24 24 24 24 24 24 24
3cf0: 24 24 24 24 24 24 24 24 24 24 24 24 24 24 24 24
3d00: 24 24 24 24 24 24 24 24 24 24 24 24 24 24 24 24
3d10: 24 24 24 24 24 24 24 24 24 24 24 24 24 24 24 24
3d20: 24 24 24 24 24 24 24 24 24 24 24 24 24 24 24 24
3d30: 24 24 24 24 25 26 27 24 24 24 24 24 24 24 24 24
3d40: C4 C4 C4 C4 D4 D4 D4 D4 E4 E4 E4 E4 C4 C4 C4 C4
3d50: D4 D4 D4 D4 E4 E4 E4 E4 10 10 24 24 24 24 24 A4
3d60: 24 24 24 24 24 24 24 24 24 24 24 24 24 24 24 24
3d70: 24 24 B4 B4 B4 B4 B4 B4 B5 B5 B5 B5 B5 B5 24 24
3d80: 24 24 24 24 24 24 24 24 24 24 24 24 24 24 24 24
3d90: 24 24 24 24 24 24 24 24 24 24 24 24 24 24 24 24
3da0: 24 24 24 24 24 24 24 24 24 24 24 24 24 24 24 24
3db0: 24 24 24 24 24 24 24 24 24 24 24 24 24 24 24 24
3dc0: 24 24 24 24 24 24 24 24 24 24 24 24 24 24 24 24
3dd0: 24 24 24 24 24 24 24 24 24 24 24 24 24 24 24 24
3de0: 24 24 24 24 24 24 24 24 24 24 24 24 24 24 24 24
3df0: 24 24 24 24 24 24 24 24 24 24 24 24 24 24 24 24
3e00: 24 24 24 24 24 24 24 24 24 24 24 24 24 24 24 24
3e10: 24 24 24 24 24 24 24 24 24 24 24 24 24 24 24 24
3e20: 24 24 24 24 24 24 24 24 24 24 24 24 24 24 24 24
3e30: 24 24 24 24 25 26 27 24 24 24 24 24 24 24 24 24
3e40: C4 C4 C4 C4 D4 D4 D4 D4 E4 E4 E4 E4 C4 C4 C4 C4
3e50: D4 D4 D4 D4 E4 E4 E4 E4 10 10 24 24 24 24 24 A4
3e60: 24 24 24 24 24 24 24 24 24 24 24 24 24 24 24 24
3e70: 24 24 B4 B4 B4 B4 B4 B4 B5 B5 B5 B5 B5 B5 24 24
3e80: 24 24 24 24 24 24 24 24 24 24 24 24 24 24 24 24
3e90: 24 24 24 24 24 24 24 24 24 24 24 24 24 24 24 24
3ea0: 24 24 24 24 24 24 24 24 24 24 24 24 24 24 24 24
3eb0: 24 24 24 24 24 24 24 24 24 24 24 24 24 24 24 24
3ec0: 24 24 24 24 24 24 24 24 24 24 24 24 24 24 24 24
3ed0: 24 24 24 24 24 24 24 24 24 24 24 24 24 24 24 24
3ee0: 24 24 24 24 24 24 24 24 24 24 24 24 24 24 24 24
3ef0: 24 24 24 24 24 24 24 24 24 24 24 24 24 24 24 24
3f00: 24 24 24 24 24 24 24 24 24 24 24 24 24 24 24 24
3f10: 24 24 24 24 24 24 24 24 24 24 24 24 24 24 24 24
3f20: 24 24 24 24 24 24 24 24 24 24 24 24 24 24 24 24
3f30: 24 24 24 24 25 26 27 24 24 24 24 24 24 24 24 24
3f40: C4 C4 C4 C4 D4 D4 D4 D4 E4 E4 E4 E4 C4 C4 C4 C4
3f50: D4 D4 D4 D4 E4 E4 E4 E4 10 10 24 24 24 24 24 A4
3f60: 24 24 24 24 24 24 24 24 24 24 24 24 24 24 24 24
3f70: 24 24 B4 B4 B4 B4 B4 B4 B5 B5 B5 B5 B5 B5 24 24
3f80: 24 24 24 24 24 24 24 24 24 24 24 24 24 24 24 24
3f90: 24 24 24 24 24 24 24 24 24 24 24 24 24 24 24 24
3fa0: 24 24 24 24 24 24 24 24 24 24 24 24 24 24 24 24
3fb0: 24 24 24 24 24 24 24 24 24 24 24 24 24 24 24 24
3fc0: 24 24 24 24 24 24 24 24 24 24 24 24 24 24 24 24
3fd0: 24 24 24 24 24 24 24 24 24 24 24 24 24 24 24 24
3fe0: 24 24 24 24 24 24 24 24 24 24 24 24 24 24 24 24
3ff0: 24 24 24 24 24 24 24 24 24 24 24 24 24 24 24 24
