v3.0 hex words addressed
0000: 00 15 25 35 45 65 75 12 13 14 21 23 24 31 32 34
0010: 41 42 43 61 62 63 64 71 72 73 74 16 26 36 46 17
0020: 27 37 47 00 00 00 00 00 00 00 00 00 00 00 00 00
0030: 00 00 00 00 00 00 00 E1 00 00 00 00 00 00 00 00
0040: 1F 2F 3F 4F 1F 2F 3F 4F 1F 2F 3F 4F F1 F2 F3 F4
0050: F1 F2 F3 F4 F1 F2 F3 F4 00 00 00 00 00 00 00 00
0060: 00 00 00 00 00 00 00 00 00 00 00 00 00 00 00 00
0070: 00 00 F1 F2 F3 F4 F6 F7 1F 2F 3F 4F 6F 7F 00 00
0080: 18 28 38 48 18 28 38 48 18 18 18 28 28 28 38 38
0090: 38 48 48 48 18 18 18 28 28 28 38 38 38 48 48 48
00a0: 18 18 18 28 28 28 38 38 38 48 48 48 18 18 18 28
00b0: 28 28 38 38 38 48 48 48 18 28 38 48 18 28 38 48
00c0: 18 28 38 48 18 18 18 28 28 28 38 38 38 48 48 48
00d0: 18 18 18 28 28 28 38 38 38 48 48 48 18 18 18 18
00e0: 28 28 28 28 38 38 38 38 48 48 48 48 18 28 38 48
00f0: 00 00 00 00 00 00 00 00 00 00 00 00 00 00 00 00
0100: 00 15 25 35 45 65 75 12 13 14 21 23 24 31 32 34
0110: 41 42 43 61 62 63 64 71 72 73 74 16 26 36 46 17
0120: 27 37 47 00 00 00 00 00 00 00 00 00 00 00 00 00
0130: 00 00 00 00 00 00 00 E1 00 00 00 00 00 00 00 00
0140: 1F 2F 3F 4F 1F 2F 3F 4F 1F 2F 3F 4F F1 F2 F3 F4
0150: F1 F2 F3 F4 F1 F2 F3 F4 00 00 00 00 00 00 00 00
0160: 00 00 00 00 00 00 00 00 00 00 00 00 00 00 00 00
0170: 00 00 F1 F2 F3 F4 F6 F7 1F 2F 3F 4F 6F 7F 00 00
0180: 18 28 38 48 18 28 38 48 18 18 18 28 28 28 38 38
0190: 38 48 48 48 18 18 18 28 28 28 38 38 38 48 48 48
01a0: 18 18 18 28 28 28 38 38 38 48 48 48 18 18 18 28
01b0: 28 28 38 38 38 48 48 48 18 28 38 48 18 28 38 48
01c0: 18 28 38 48 18 18 18 28 28 28 38 38 38 48 48 48
01d0: 18 18 18 28 28 28 38 38 38 48 48 48 18 18 18 18
01e0: 28 28 28 28 38 38 38 38 48 48 48 48 18 28 38 48
01f0: 00 00 00 00 00 00 00 00 00 00 00 00 00 00 00 00
0200: 00 15 25 35 45 65 75 12 13 14 21 23 24 31 32 34
0210: 41 42 43 61 62 63 64 71 72 73 74 16 26 36 46 17
0220: 27 37 47 00 00 00 00 00 00 00 00 00 00 00 00 00
0230: 00 00 00 00 00 00 00 E1 00 00 00 00 00 00 00 00
0240: 1F 2F 3F 4F 1F 2F 3F 4F 1F 2F 3F 4F F1 F2 F3 F4
0250: F1 F2 F3 F4 F1 F2 F3 F4 00 00 00 00 00 00 00 00
0260: 00 00 00 00 00 00 00 00 00 00 00 00 00 00 00 00
0270: 00 00 F1 F2 F3 F4 F6 F7 1F 2F 3F 4F 6F 7F 00 00
0280: 18 28 38 48 18 28 38 48 18 18 18 28 28 28 38 38
0290: 38 48 48 48 18 18 18 28 28 28 38 38 38 48 48 48
02a0: 18 18 18 28 28 28 38 38 38 48 48 48 18 18 18 28
02b0: 28 28 38 38 38 48 48 48 18 28 38 48 18 28 38 48
02c0: 18 28 38 48 18 18 18 28 28 28 38 38 38 48 48 48
02d0: 18 18 18 28 28 28 38 38 38 48 48 48 18 18 18 18
02e0: 28 28 28 28 38 38 38 38 48 48 48 48 18 28 38 48
02f0: 00 00 00 00 00 00 00 00 00 00 00 00 00 00 00 00
0300: 00 15 25 35 45 65 75 12 13 14 21 23 24 31 32 34
0310: 41 42 43 61 62 63 64 71 72 73 74 16 26 36 46 17
0320: 27 37 47 00 00 00 00 00 00 00 00 00 00 00 00 00
0330: 00 00 00 00 00 00 00 E1 00 00 00 00 00 00 00 00
0340: 1F 2F 3F 4F 1F 2F 3F 4F 1F 2F 3F 4F F1 F2 F3 F4
0350: F1 F2 F3 F4 F1 F2 F3 F4 00 00 00 00 00 00 00 00
0360: 00 00 00 00 00 00 00 00 00 00 00 00 00 00 00 00
0370: 00 00 F1 F2 F3 F4 F6 F7 1F 2F 3F 4F 6F 7F 00 00
0380: 18 28 38 48 18 28 38 48 18 18 18 28 28 28 38 38
0390: 38 48 48 48 18 18 18 28 28 28 38 38 38 48 48 48
03a0: 18 18 18 28 28 28 38 38 38 48 48 48 18 18 18 28
03b0: 28 28 38 38 38 48 48 48 18 28 38 48 18 28 38 48
03c0: 18 28 38 48 18 18 18 28 28 28 38 38 38 48 48 48
03d0: 18 18 18 28 28 28 38 38 38 48 48 48 18 18 18 18
03e0: 28 28 28 28 38 38 38 38 48 48 48 48 18 28 38 48
03f0: 00 00 00 00 00 00 00 00 00 00 00 00 00 00 00 00
0400: 00 15 25 35 45 65 75 12 13 14 21 23 24 31 32 34
0410: 41 42 43 61 62 63 64 71 72 73 74 16 26 36 46 17
0420: 27 37 47 00 00 00 00 00 00 00 00 00 00 00 00 00
0430: 00 00 00 00 00 00 00 E1 00 00 00 00 00 00 00 00
0440: 1F 2F 3F 4F 1F 2F 3F 4F 1F 2F 3F 4F F1 F2 F3 F4
0450: F1 F2 F3 F4 F1 F2 F3 F4 00 00 00 00 00 00 00 00
0460: 00 00 00 00 00 00 00 00 00 00 00 00 00 00 00 00
0470: 00 00 F1 F2 F3 F4 F6 F7 1F 2F 3F 4F 6F 7F 00 00
0480: 18 28 38 48 18 28 38 48 18 18 18 28 28 28 38 38
0490: 38 48 48 48 18 18 18 28 28 28 38 38 38 48 48 48
04a0: 18 18 18 28 28 28 38 38 38 48 48 48 18 18 18 28
04b0: 28 28 38 38 38 48 48 48 18 28 38 48 18 28 38 48
04c0: 18 28 38 48 18 18 18 28 28 28 38 38 38 48 48 48
04d0: 18 18 18 28 28 28 38 38 38 48 48 48 18 18 18 18
04e0: 28 28 28 28 38 38 38 38 48 48 48 48 18 28 38 48
04f0: 00 00 00 00 00 00 00 00 00 00 00 00 00 00 00 00
0500: 00 15 25 35 45 65 75 12 13 14 21 23 24 31 32 34
0510: 41 42 43 61 62 63 64 71 72 73 74 16 26 36 46 17
0520: 27 37 47 00 00 00 00 00 00 00 00 00 00 00 00 00
0530: 00 00 00 00 00 00 00 E1 00 00 00 00 00 00 00 00
0540: 1F 2F 3F 4F 1F 2F 3F 4F 1F 2F 3F 4F F1 F2 F3 F4
0550: F1 F2 F3 F4 F1 F2 F3 F4 00 00 00 00 00 00 00 00
0560: 00 00 00 00 00 00 00 00 00 00 00 00 00 00 00 00
0570: 00 00 F1 F2 F3 F4 F6 F7 1F 2F 3F 4F 6F 7F 00 00
0580: 18 28 38 48 18 28 38 48 18 18 18 28 28 28 38 38
0590: 38 48 48 48 18 18 18 28 28 28 38 38 38 48 48 48
05a0: 18 18 18 28 28 28 38 38 38 48 48 48 18 18 18 28
05b0: 28 28 38 38 38 48 48 48 18 28 38 48 18 28 38 48
05c0: 18 28 38 48 18 18 18 28 28 28 38 38 38 48 48 48
05d0: 18 18 18 28 28 28 38 38 38 48 48 48 18 18 18 18
05e0: 28 28 28 28 38 38 38 38 48 48 48 48 18 28 38 48
05f0: 00 00 00 00 00 00 00 00 00 00 00 00 00 00 00 00
0600: 00 15 25 35 45 65 75 12 13 14 21 23 24 31 32 34
0610: 41 42 43 61 62 63 64 71 72 73 74 16 26 36 46 17
0620: 27 37 47 00 00 00 00 00 00 00 00 00 00 00 00 00
0630: 00 00 00 00 00 00 00 E1 00 00 00 00 00 00 00 00
0640: 1F 2F 3F 4F 1F 2F 3F 4F 1F 2F 3F 4F F1 F2 F3 F4
0650: F1 F2 F3 F4 F1 F2 F3 F4 00 00 00 00 00 00 00 00
0660: 00 00 00 00 00 00 00 00 00 00 00 00 00 00 00 00
0670: 00 00 F1 F2 F3 F4 F6 F7 1F 2F 3F 4F 6F 7F 00 00
0680: 18 28 38 48 18 28 38 48 18 18 18 28 28 28 38 38
0690: 38 48 48 48 18 18 18 28 28 28 38 38 38 48 48 48
06a0: 18 18 18 28 28 28 38 38 38 48 48 48 18 18 18 28
06b0: 28 28 38 38 38 48 48 48 18 28 38 48 18 28 38 48
06c0: 18 28 38 48 18 18 18 28 28 28 38 38 38 48 48 48
06d0: 18 18 18 28 28 28 38 38 38 48 48 48 18 18 18 18
06e0: 28 28 28 28 38 38 38 38 48 48 48 48 18 28 38 48
06f0: 00 00 00 00 00 00 00 00 00 00 00 00 00 00 00 00
0700: 00 15 25 35 45 65 75 12 13 14 21 23 24 31 32 34
0710: 41 42 43 61 62 63 64 71 72 73 74 16 26 36 46 17
0720: 27 37 47 00 00 00 00 00 00 00 00 00 00 00 00 00
0730: 00 00 00 00 00 00 00 E1 00 00 00 00 00 00 00 00
0740: 1F 2F 3F 4F 1F 2F 3F 4F 1F 2F 3F 4F F1 F2 F3 F4
0750: F1 F2 F3 F4 F1 F2 F3 F4 00 00 00 00 00 00 00 00
0760: 00 00 00 00 00 00 00 00 00 00 00 00 00 00 00 00
0770: 00 00 F1 F2 F3 F4 F6 F7 1F 2F 3F 4F 6F 7F 00 00
0780: 18 28 38 48 18 28 38 48 18 18 18 28 28 28 38 38
0790: 38 48 48 48 18 18 18 28 28 28 38 38 38 48 48 48
07a0: 18 18 18 28 28 28 38 38 38 48 48 48 18 18 18 28
07b0: 28 28 38 38 38 48 48 48 18 28 38 48 18 28 38 48
07c0: 18 28 38 48 18 18 18 28 28 28 38 38 38 48 48 48
07d0: 18 18 18 28 28 28 38 38 38 48 48 48 18 18 18 18
07e0: 28 28 28 28 38 38 38 38 48 48 48 48 18 28 38 48
07f0: 00 00 00 00 00 00 00 00 00 00 00 00 00 00 00 00
0800: 00 15 25 35 45 65 75 12 13 14 21 23 24 31 32 34
0810: 41 42 43 61 62 63 64 71 72 73 74 16 26 36 46 17
0820: 27 37 47 00 00 00 00 00 00 00 00 00 00 00 00 00
0830: 00 00 00 00 00 00 00 E1 00 00 00 00 00 00 00 00
0840: 1F 2F 3F 4F 1F 2F 3F 4F 1F 2F 3F 4F F1 F2 F3 F4
0850: F1 F2 F3 F4 F1 F2 F3 F4 00 00 00 00 00 00 00 00
0860: 00 00 00 00 00 00 00 00 00 00 00 00 00 00 00 00
0870: 00 00 F1 F2 F3 F4 F6 F7 1F 2F 3F 4F 6F 7F 00 00
0880: 18 28 38 48 18 28 38 48 18 18 18 28 28 28 38 38
0890: 38 48 48 48 18 18 18 28 28 28 38 38 38 48 48 48
08a0: 18 18 18 28 28 28 38 38 38 48 48 48 18 18 18 28
08b0: 28 28 38 38 38 48 48 48 18 28 38 48 18 28 38 48
08c0: 18 28 38 48 18 18 18 28 28 28 38 38 38 48 48 48
08d0: 18 18 18 28 28 28 38 38 38 48 48 48 18 18 18 18
08e0: 28 28 28 28 38 38 38 38 48 48 48 48 18 28 38 48
08f0: 00 00 00 00 00 00 00 00 00 00 00 00 00 00 00 00
0900: 00 15 25 35 45 65 75 12 13 14 21 23 24 31 32 34
0910: 41 42 43 61 62 63 64 71 72 73 74 16 26 36 46 17
0920: 27 37 47 00 00 00 00 00 00 00 00 00 00 00 00 00
0930: 00 00 00 00 00 00 00 E1 00 00 00 00 00 00 00 00
0940: 1F 2F 3F 4F 1F 2F 3F 4F 1F 2F 3F 4F F1 F2 F3 F4
0950: F1 F2 F3 F4 F1 F2 F3 F4 00 00 00 00 00 00 00 00
0960: 00 00 00 00 00 00 00 00 00 00 00 00 00 00 00 00
0970: 00 00 F1 F2 F3 F4 F6 F7 1F 2F 3F 4F 6F 7F 00 00
0980: 18 28 38 48 18 28 38 48 18 18 18 28 28 28 38 38
0990: 38 48 48 48 18 18 18 28 28 28 38 38 38 48 48 48
09a0: 18 18 18 28 28 28 38 38 38 48 48 48 18 18 18 28
09b0: 28 28 38 38 38 48 48 48 18 28 38 48 18 28 38 48
09c0: 18 28 38 48 18 18 18 28 28 28 38 38 38 48 48 48
09d0: 18 18 18 28 28 28 38 38 38 48 48 48 18 18 18 18
09e0: 28 28 28 28 38 38 38 38 48 48 48 48 18 28 38 48
09f0: 00 00 00 00 00 00 00 00 00 00 00 00 00 00 00 00
0a00: 00 15 25 35 45 65 75 12 13 14 21 23 24 31 32 34
0a10: 41 42 43 61 62 63 64 71 72 73 74 16 26 36 46 17
0a20: 27 37 47 00 00 00 00 00 00 00 00 00 00 00 00 00
0a30: 00 00 00 00 00 00 00 E1 00 00 00 00 00 00 00 00
0a40: 1F 2F 3F 4F 1F 2F 3F 4F 1F 2F 3F 4F F1 F2 F3 F4
0a50: F1 F2 F3 F4 F1 F2 F3 F4 00 00 00 00 00 00 00 00
0a60: 00 00 00 00 00 00 00 00 00 00 00 00 00 00 00 00
0a70: 00 00 F1 F2 F3 F4 F6 F7 1F 2F 3F 4F 6F 7F 00 00
0a80: 18 28 38 48 18 28 38 48 18 18 18 28 28 28 38 38
0a90: 38 48 48 48 18 18 18 28 28 28 38 38 38 48 48 48
0aa0: 18 18 18 28 28 28 38 38 38 48 48 48 18 18 18 28
0ab0: 28 28 38 38 38 48 48 48 18 28 38 48 18 28 38 48
0ac0: 18 28 38 48 18 18 18 28 28 28 38 38 38 48 48 48
0ad0: 18 18 18 28 28 28 38 38 38 48 48 48 18 18 18 18
0ae0: 28 28 28 28 38 38 38 38 48 48 48 48 18 28 38 48
0af0: 00 00 00 00 00 00 00 00 00 00 00 00 00 00 00 00
0b00: 00 15 25 35 45 65 75 12 13 14 21 23 24 31 32 34
0b10: 41 42 43 61 62 63 64 71 72 73 74 16 26 36 46 17
0b20: 27 37 47 00 00 00 00 00 00 00 00 00 00 00 00 00
0b30: 00 00 00 00 00 00 00 E1 00 00 00 00 00 00 00 00
0b40: 1F 2F 3F 4F 1F 2F 3F 4F 1F 2F 3F 4F F1 F2 F3 F4
0b50: F1 F2 F3 F4 F1 F2 F3 F4 00 00 00 00 00 00 00 00
0b60: 00 00 00 00 00 00 00 00 00 00 00 00 00 00 00 00
0b70: 00 00 F1 F2 F3 F4 F6 F7 1F 2F 3F 4F 6F 7F 00 00
0b80: 18 28 38 48 18 28 38 48 18 18 18 28 28 28 38 38
0b90: 38 48 48 48 18 18 18 28 28 28 38 38 38 48 48 48
0ba0: 18 18 18 28 28 28 38 38 38 48 48 48 18 18 18 28
0bb0: 28 28 38 38 38 48 48 48 18 28 38 48 18 28 38 48
0bc0: 18 28 38 48 18 18 18 28 28 28 38 38 38 48 48 48
0bd0: 18 18 18 28 28 28 38 38 38 48 48 48 18 18 18 18
0be0: 28 28 28 28 38 38 38 38 48 48 48 48 18 28 38 48
0bf0: 00 00 00 00 00 00 00 00 00 00 00 00 00 00 00 00
0c00: 00 15 25 35 45 65 75 12 13 14 21 23 24 31 32 34
0c10: 41 42 43 61 62 63 64 71 72 73 74 16 26 36 46 17
0c20: 27 37 47 00 00 00 00 00 00 00 00 00 00 00 00 00
0c30: 00 00 00 00 00 00 00 E1 00 00 00 00 00 00 00 00
0c40: 1F 2F 3F 4F 1F 2F 3F 4F 1F 2F 3F 4F F1 F2 F3 F4
0c50: F1 F2 F3 F4 F1 F2 F3 F4 00 00 00 00 00 00 00 00
0c60: 00 00 00 00 00 00 00 00 00 00 00 00 00 00 00 00
0c70: 00 00 F1 F2 F3 F4 F6 F7 1F 2F 3F 4F 6F 7F 00 00
0c80: 18 28 38 48 18 28 38 48 18 18 18 28 28 28 38 38
0c90: 38 48 48 48 18 18 18 28 28 28 38 38 38 48 48 48
0ca0: 18 18 18 28 28 28 38 38 38 48 48 48 18 18 18 28
0cb0: 28 28 38 38 38 48 48 48 18 28 38 48 18 28 38 48
0cc0: 18 28 38 48 18 18 18 28 28 28 38 38 38 48 48 48
0cd0: 18 18 18 28 28 28 38 38 38 48 48 48 18 18 18 18
0ce0: 28 28 28 28 38 38 38 38 48 48 48 48 18 28 38 48
0cf0: 00 00 00 00 00 00 00 00 00 00 00 00 00 00 00 00
0d00: 00 15 25 35 45 65 75 12 13 14 21 23 24 31 32 34
0d10: 41 42 43 61 62 63 64 71 72 73 74 16 26 36 46 17
0d20: 27 37 47 00 00 00 00 00 00 00 00 00 00 00 00 00
0d30: 00 00 00 00 00 00 00 E1 00 00 00 00 00 00 00 00
0d40: 1F 2F 3F 4F 1F 2F 3F 4F 1F 2F 3F 4F F1 F2 F3 F4
0d50: F1 F2 F3 F4 F1 F2 F3 F4 00 00 00 00 00 00 00 00
0d60: 00 00 00 00 00 00 00 00 00 00 00 00 00 00 00 00
0d70: 00 00 F1 F2 F3 F4 F6 F7 1F 2F 3F 4F 6F 7F 00 00
0d80: 18 28 38 48 18 28 38 48 18 18 18 28 28 28 38 38
0d90: 38 48 48 48 18 18 18 28 28 28 38 38 38 48 48 48
0da0: 18 18 18 28 28 28 38 38 38 48 48 48 18 18 18 28
0db0: 28 28 38 38 38 48 48 48 18 28 38 48 18 28 38 48
0dc0: 18 28 38 48 18 18 18 28 28 28 38 38 38 48 48 48
0dd0: 18 18 18 28 28 28 38 38 38 48 48 48 18 18 18 18
0de0: 28 28 28 28 38 38 38 38 48 48 48 48 18 28 38 48
0df0: 00 00 00 00 00 00 00 00 00 00 00 00 00 00 00 00
0e00: 00 15 25 35 45 65 75 12 13 14 21 23 24 31 32 34
0e10: 41 42 43 61 62 63 64 71 72 73 74 16 26 36 46 17
0e20: 27 37 47 00 00 00 00 00 00 00 00 00 00 00 00 00
0e30: 00 00 00 00 00 00 00 E1 00 00 00 00 00 00 00 00
0e40: 1F 2F 3F 4F 1F 2F 3F 4F 1F 2F 3F 4F F1 F2 F3 F4
0e50: F1 F2 F3 F4 F1 F2 F3 F4 00 00 00 00 00 00 00 00
0e60: 00 00 00 00 00 00 00 00 00 00 00 00 00 00 00 00
0e70: 00 00 F1 F2 F3 F4 F6 F7 1F 2F 3F 4F 6F 7F 00 00
0e80: 18 28 38 48 18 28 38 48 18 18 18 28 28 28 38 38
0e90: 38 48 48 48 18 18 18 28 28 28 38 38 38 48 48 48
0ea0: 18 18 18 28 28 28 38 38 38 48 48 48 18 18 18 28
0eb0: 28 28 38 38 38 48 48 48 18 28 38 48 18 28 38 48
0ec0: 18 28 38 48 18 18 18 28 28 28 38 38 38 48 48 48
0ed0: 18 18 18 28 28 28 38 38 38 48 48 48 18 18 18 18
0ee0: 28 28 28 28 38 38 38 38 48 48 48 48 18 28 38 48
0ef0: 00 00 00 00 00 00 00 00 00 00 00 00 00 00 00 00
0f00: 00 15 25 35 45 65 75 12 13 14 21 23 24 31 32 34
0f10: 41 42 43 61 62 63 64 71 72 73 74 16 26 36 46 17
0f20: 27 37 47 00 00 00 00 00 00 00 00 00 00 00 00 00
0f30: 00 00 00 00 00 00 00 E1 00 00 00 00 00 00 00 00
0f40: 1F 2F 3F 4F 1F 2F 3F 4F 1F 2F 3F 4F F1 F2 F3 F4
0f50: F1 F2 F3 F4 F1 F2 F3 F4 00 00 00 00 00 00 00 00
0f60: 00 00 00 00 00 00 00 00 00 00 00 00 00 00 00 00
0f70: 00 00 F1 F2 F3 F4 F6 F7 1F 2F 3F 4F 6F 7F 00 00
0f80: 18 28 38 48 18 28 38 48 18 18 18 28 28 28 38 38
0f90: 38 48 48 48 18 18 18 28 28 28 38 38 38 48 48 48
0fa0: 18 18 18 28 28 28 38 38 38 48 48 48 18 18 18 28
0fb0: 28 28 38 38 38 48 48 48 18 28 38 48 18 28 38 48
0fc0: 18 28 38 48 18 18 18 28 28 28 38 38 38 48 48 48
0fd0: 18 18 18 28 28 28 38 38 38 48 48 48 18 18 18 18
0fe0: 28 28 28 28 38 38 38 38 48 48 48 48 18 28 38 48
0ff0: 00 00 00 00 00 00 00 00 00 00 00 00 00 00 00 00
1000: 00 15 25 35 45 65 75 12 13 14 21 23 24 31 32 34
1010: 41 42 43 61 62 63 64 71 72 73 74 16 26 36 46 17
1020: 27 37 47 00 00 00 00 00 00 00 00 00 00 00 00 00
1030: 00 00 00 00 00 00 00 E1 00 00 00 00 00 00 00 00
1040: 1F 2F 3F 4F 1F 2F 3F 4F 1F 2F 3F 4F F1 F2 F3 F4
1050: F1 F2 F3 F4 F1 F2 F3 F4 00 00 00 00 00 00 00 00
1060: 00 00 00 00 00 00 00 00 00 00 00 00 00 00 00 00
1070: 00 00 F1 F2 F3 F4 F6 F7 1F 2F 3F 4F 6F 7F 00 00
1080: 18 28 38 48 18 28 38 48 18 18 18 28 28 28 38 38
1090: 38 48 48 48 18 18 18 28 28 28 38 38 38 48 48 48
10a0: 18 18 18 28 28 28 38 38 38 48 48 48 18 18 18 28
10b0: 28 28 38 38 38 48 48 48 18 28 38 48 18 28 38 48
10c0: 18 28 38 48 18 18 18 28 28 28 38 38 38 48 48 48
10d0: 18 18 18 28 28 28 38 38 38 48 48 48 18 18 18 18
10e0: 28 28 28 28 38 38 38 38 48 48 48 48 18 28 38 48
10f0: 00 00 00 00 00 00 00 00 00 00 00 00 00 00 00 00
1100: 00 15 25 35 45 65 75 12 13 14 21 23 24 31 32 34
1110: 41 42 43 61 62 63 64 71 72 73 74 16 26 36 46 17
1120: 27 37 47 00 00 00 00 00 00 00 00 00 00 00 00 00
1130: 00 00 00 00 00 00 00 E1 00 00 00 00 00 00 00 00
1140: 1F 2F 3F 4F 1F 2F 3F 4F 1F 2F 3F 4F F1 F2 F3 F4
1150: F1 F2 F3 F4 F1 F2 F3 F4 00 00 00 00 00 00 00 00
1160: 00 00 00 00 00 00 00 00 00 00 00 00 00 00 00 00
1170: 00 00 F1 F2 F3 F4 F6 F7 1F 2F 3F 4F 6F 7F 00 00
1180: 18 28 38 48 18 28 38 48 18 18 18 28 28 28 38 38
1190: 38 48 48 48 18 18 18 28 28 28 38 38 38 48 48 48
11a0: 18 18 18 28 28 28 38 38 38 48 48 48 18 18 18 28
11b0: 28 28 38 38 38 48 48 48 18 28 38 48 18 28 38 48
11c0: 18 28 38 48 18 18 18 28 28 28 38 38 38 48 48 48
11d0: 18 18 18 28 28 28 38 38 38 48 48 48 18 18 18 18
11e0: 28 28 28 28 38 38 38 38 48 48 48 48 18 28 38 48
11f0: 00 00 00 00 00 00 00 00 00 00 00 00 00 00 00 00
1200: 00 15 25 35 45 65 75 12 13 14 21 23 24 31 32 34
1210: 41 42 43 61 62 63 64 71 72 73 74 16 26 36 46 17
1220: 27 37 47 00 00 00 00 00 00 00 00 00 00 00 00 00
1230: 00 00 00 00 00 00 00 E1 00 00 00 00 00 00 00 00
1240: 1F 2F 3F 4F 1F 2F 3F 4F 1F 2F 3F 4F F1 F2 F3 F4
1250: F1 F2 F3 F4 F1 F2 F3 F4 00 00 00 00 00 00 00 00
1260: 00 00 00 00 00 00 00 00 00 00 00 00 00 00 00 00
1270: 00 00 F1 F2 F3 F4 F6 F7 1F 2F 3F 4F 6F 7F 00 00
1280: 18 28 38 48 18 28 38 48 18 18 18 28 28 28 38 38
1290: 38 48 48 48 18 18 18 28 28 28 38 38 38 48 48 48
12a0: 18 18 18 28 28 28 38 38 38 48 48 48 18 18 18 28
12b0: 28 28 38 38 38 48 48 48 18 28 38 48 18 28 38 48
12c0: 18 28 38 48 18 18 18 28 28 28 38 38 38 48 48 48
12d0: 18 18 18 28 28 28 38 38 38 48 48 48 18 18 18 18
12e0: 28 28 28 28 38 38 38 38 48 48 48 48 18 28 38 48
12f0: 00 00 00 00 00 00 00 00 00 00 00 00 00 00 00 00
1300: 00 15 25 35 45 65 75 12 13 14 21 23 24 31 32 34
1310: 41 42 43 61 62 63 64 71 72 73 74 16 26 36 46 17
1320: 27 37 47 00 00 00 00 00 00 00 00 00 00 00 00 00
1330: 00 00 00 00 00 00 00 E1 00 00 00 00 00 00 00 00
1340: 1F 2F 3F 4F 1F 2F 3F 4F 1F 2F 3F 4F F1 F2 F3 F4
1350: F1 F2 F3 F4 F1 F2 F3 F4 00 00 00 00 00 00 00 00
1360: 00 00 00 00 00 00 00 00 00 00 00 00 00 00 00 00
1370: 00 00 F1 F2 F3 F4 F6 F7 1F 2F 3F 4F 6F 7F 00 00
1380: 18 28 38 48 18 28 38 48 18 18 18 28 28 28 38 38
1390: 38 48 48 48 18 18 18 28 28 28 38 38 38 48 48 48
13a0: 18 18 18 28 28 28 38 38 38 48 48 48 18 18 18 28
13b0: 28 28 38 38 38 48 48 48 18 28 38 48 18 28 38 48
13c0: 18 28 38 48 18 18 18 28 28 28 38 38 38 48 48 48
13d0: 18 18 18 28 28 28 38 38 38 48 48 48 18 18 18 18
13e0: 28 28 28 28 38 38 38 38 48 48 48 48 18 28 38 48
13f0: 00 00 00 00 00 00 00 00 00 00 00 00 00 00 00 00
1400: 00 15 25 35 45 65 75 12 13 14 21 23 24 31 32 34
1410: 41 42 43 61 62 63 64 71 72 73 74 16 26 36 46 17
1420: 27 37 47 00 00 00 00 00 00 00 00 00 00 00 00 00
1430: 00 00 00 00 00 00 00 E1 00 00 00 00 00 00 00 00
1440: 1F 2F 3F 4F 1F 2F 3F 4F 1F 2F 3F 4F F1 F2 F3 F4
1450: F1 F2 F3 F4 F1 F2 F3 F4 00 00 00 00 00 00 00 00
1460: 00 00 00 00 00 00 00 00 00 00 00 00 00 00 00 00
1470: 00 00 F1 F2 F3 F4 F6 F7 1F 2F 3F 4F 6F 7F 00 00
1480: 18 28 38 48 18 28 38 48 18 18 18 28 28 28 38 38
1490: 38 48 48 48 18 18 18 28 28 28 38 38 38 48 48 48
14a0: 18 18 18 28 28 28 38 38 38 48 48 48 18 18 18 28
14b0: 28 28 38 38 38 48 48 48 18 28 38 48 18 28 38 48
14c0: 18 28 38 48 18 18 18 28 28 28 38 38 38 48 48 48
14d0: 18 18 18 28 28 28 38 38 38 48 48 48 18 18 18 18
14e0: 28 28 28 28 38 38 38 38 48 48 48 48 18 28 38 48
14f0: 00 00 00 00 00 00 00 00 00 00 00 00 00 00 00 00
1500: 00 15 25 35 45 65 75 12 13 14 21 23 24 31 32 34
1510: 41 42 43 61 62 63 64 71 72 73 74 16 26 36 46 17
1520: 27 37 47 00 00 00 00 00 00 00 00 00 00 00 00 00
1530: 00 00 00 00 00 00 00 E1 00 00 00 00 00 00 00 00
1540: 1F 2F 3F 4F 1F 2F 3F 4F 1F 2F 3F 4F F1 F2 F3 F4
1550: F1 F2 F3 F4 F1 F2 F3 F4 00 00 00 00 00 00 00 00
1560: 00 00 00 00 00 00 00 00 00 00 00 00 00 00 00 00
1570: 00 00 F1 F2 F3 F4 F6 F7 1F 2F 3F 4F 6F 7F 00 00
1580: 18 28 38 48 18 28 38 48 18 18 18 28 28 28 38 38
1590: 38 48 48 48 18 18 18 28 28 28 38 38 38 48 48 48
15a0: 18 18 18 28 28 28 38 38 38 48 48 48 18 18 18 28
15b0: 28 28 38 38 38 48 48 48 18 28 38 48 18 28 38 48
15c0: 18 28 38 48 18 18 18 28 28 28 38 38 38 48 48 48
15d0: 18 18 18 28 28 28 38 38 38 48 48 48 18 18 18 18
15e0: 28 28 28 28 38 38 38 38 48 48 48 48 18 28 38 48
15f0: 00 00 00 00 00 00 00 00 00 00 00 00 00 00 00 00
1600: 00 15 25 35 45 65 75 12 13 14 21 23 24 31 32 34
1610: 41 42 43 61 62 63 64 71 72 73 74 16 26 36 46 17
1620: 27 37 47 00 00 00 00 00 00 00 00 00 00 00 00 00
1630: 00 00 00 00 00 00 00 E1 00 00 00 00 00 00 00 00
1640: 1F 2F 3F 4F 1F 2F 3F 4F 1F 2F 3F 4F F1 F2 F3 F4
1650: F1 F2 F3 F4 F1 F2 F3 F4 00 00 00 00 00 00 00 00
1660: 00 00 00 00 00 00 00 00 00 00 00 00 00 00 00 00
1670: 00 00 F1 F2 F3 F4 F6 F7 1F 2F 3F 4F 6F 7F 00 00
1680: 18 28 38 48 18 28 38 48 18 18 18 28 28 28 38 38
1690: 38 48 48 48 18 18 18 28 28 28 38 38 38 48 48 48
16a0: 18 18 18 28 28 28 38 38 38 48 48 48 18 18 18 28
16b0: 28 28 38 38 38 48 48 48 18 28 38 48 18 28 38 48
16c0: 18 28 38 48 18 18 18 28 28 28 38 38 38 48 48 48
16d0: 18 18 18 28 28 28 38 38 38 48 48 48 18 18 18 18
16e0: 28 28 28 28 38 38 38 38 48 48 48 48 18 28 38 48
16f0: 00 00 00 00 00 00 00 00 00 00 00 00 00 00 00 00
1700: 00 15 25 35 45 65 75 12 13 14 21 23 24 31 32 34
1710: 41 42 43 61 62 63 64 71 72 73 74 16 26 36 46 17
1720: 27 37 47 00 00 00 00 00 00 00 00 00 00 00 00 00
1730: 00 00 00 00 00 00 00 E1 00 00 00 00 00 00 00 00
1740: 1F 2F 3F 4F 1F 2F 3F 4F 1F 2F 3F 4F F1 F2 F3 F4
1750: F1 F2 F3 F4 F1 F2 F3 F4 00 00 00 00 00 00 00 00
1760: 00 00 00 00 00 00 00 00 00 00 00 00 00 00 00 00
1770: 00 00 F1 F2 F3 F4 F6 F7 1F 2F 3F 4F 6F 7F 00 00
1780: 18 28 38 48 18 28 38 48 18 18 18 28 28 28 38 38
1790: 38 48 48 48 18 18 18 28 28 28 38 38 38 48 48 48
17a0: 18 18 18 28 28 28 38 38 38 48 48 48 18 18 18 28
17b0: 28 28 38 38 38 48 48 48 18 28 38 48 18 28 38 48
17c0: 18 28 38 48 18 18 18 28 28 28 38 38 38 48 48 48
17d0: 18 18 18 28 28 28 38 38 38 48 48 48 18 18 18 18
17e0: 28 28 28 28 38 38 38 38 48 48 48 48 18 28 38 48
17f0: 00 00 00 00 00 00 00 00 00 00 00 00 00 00 00 00
1800: 00 15 25 35 45 65 75 12 13 14 21 23 24 31 32 34
1810: 41 42 43 61 62 63 64 71 72 73 74 16 26 36 46 17
1820: 27 37 47 00 00 00 00 00 00 00 00 00 00 00 00 00
1830: 00 00 00 00 00 00 00 E1 00 00 00 00 00 00 00 00
1840: 1F 2F 3F 4F 1F 2F 3F 4F 1F 2F 3F 4F F1 F2 F3 F4
1850: F1 F2 F3 F4 F1 F2 F3 F4 00 00 00 00 00 00 00 00
1860: 00 00 00 00 00 00 00 00 00 00 00 00 00 00 00 00
1870: 00 00 F1 F2 F3 F4 F6 F7 1F 2F 3F 4F 6F 7F 00 00
1880: 18 28 38 48 18 28 38 48 18 18 18 28 28 28 38 38
1890: 38 48 48 48 18 18 18 28 28 28 38 38 38 48 48 48
18a0: 18 18 18 28 28 28 38 38 38 48 48 48 18 18 18 28
18b0: 28 28 38 38 38 48 48 48 18 28 38 48 18 28 38 48
18c0: 18 28 38 48 18 18 18 28 28 28 38 38 38 48 48 48
18d0: 18 18 18 28 28 28 38 38 38 48 48 48 18 18 18 18
18e0: 28 28 28 28 38 38 38 38 48 48 48 48 18 28 38 48
18f0: 00 00 00 00 00 00 00 00 00 00 00 00 00 00 00 00
1900: 00 15 25 35 45 65 75 12 13 14 21 23 24 31 32 34
1910: 41 42 43 61 62 63 64 71 72 73 74 16 26 36 46 17
1920: 27 37 47 00 00 00 00 00 00 00 00 00 00 00 00 00
1930: 00 00 00 00 00 00 00 E1 00 00 00 00 00 00 00 00
1940: 1F 2F 3F 4F 1F 2F 3F 4F 1F 2F 3F 4F F1 F2 F3 F4
1950: F1 F2 F3 F4 F1 F2 F3 F4 00 00 00 00 00 00 00 00
1960: 00 00 00 00 00 00 00 00 00 00 00 00 00 00 00 00
1970: 00 00 F1 F2 F3 F4 F6 F7 1F 2F 3F 4F 6F 7F 00 00
1980: 18 28 38 48 18 28 38 48 18 18 18 28 28 28 38 38
1990: 38 48 48 48 18 18 18 28 28 28 38 38 38 48 48 48
19a0: 18 18 18 28 28 28 38 38 38 48 48 48 18 18 18 28
19b0: 28 28 38 38 38 48 48 48 18 28 38 48 18 28 38 48
19c0: 18 28 38 48 18 18 18 28 28 28 38 38 38 48 48 48
19d0: 18 18 18 28 28 28 38 38 38 48 48 48 18 18 18 18
19e0: 28 28 28 28 38 38 38 38 48 48 48 48 18 28 38 48
19f0: 00 00 00 00 00 00 00 00 00 00 00 00 00 00 00 00
1a00: 00 15 25 35 45 65 75 12 13 14 21 23 24 31 32 34
1a10: 41 42 43 61 62 63 64 71 72 73 74 16 26 36 46 17
1a20: 27 37 47 00 00 00 00 00 00 00 00 00 00 00 00 00
1a30: 00 00 00 00 00 00 00 E1 00 00 00 00 00 00 00 00
1a40: 1F 2F 3F 4F 1F 2F 3F 4F 1F 2F 3F 4F F1 F2 F3 F4
1a50: F1 F2 F3 F4 F1 F2 F3 F4 00 00 00 00 00 00 00 00
1a60: 00 00 00 00 00 00 00 00 00 00 00 00 00 00 00 00
1a70: 00 00 F1 F2 F3 F4 F6 F7 1F 2F 3F 4F 6F 7F 00 00
1a80: 18 28 38 48 18 28 38 48 18 18 18 28 28 28 38 38
1a90: 38 48 48 48 18 18 18 28 28 28 38 38 38 48 48 48
1aa0: 18 18 18 28 28 28 38 38 38 48 48 48 18 18 18 28
1ab0: 28 28 38 38 38 48 48 48 18 28 38 48 18 28 38 48
1ac0: 18 28 38 48 18 18 18 28 28 28 38 38 38 48 48 48
1ad0: 18 18 18 28 28 28 38 38 38 48 48 48 18 18 18 18
1ae0: 28 28 28 28 38 38 38 38 48 48 48 48 18 28 38 48
1af0: 00 00 00 00 00 00 00 00 00 00 00 00 00 00 00 00
1b00: 00 15 25 35 45 65 75 12 13 14 21 23 24 31 32 34
1b10: 41 42 43 61 62 63 64 71 72 73 74 16 26 36 46 17
1b20: 27 37 47 00 00 00 00 00 00 00 00 00 00 00 00 00
1b30: 00 00 00 00 00 00 00 E1 00 00 00 00 00 00 00 00
1b40: 1F 2F 3F 4F 1F 2F 3F 4F 1F 2F 3F 4F F1 F2 F3 F4
1b50: F1 F2 F3 F4 F1 F2 F3 F4 00 00 00 00 00 00 00 00
1b60: 00 00 00 00 00 00 00 00 00 00 00 00 00 00 00 00
1b70: 00 00 F1 F2 F3 F4 F6 F7 1F 2F 3F 4F 6F 7F 00 00
1b80: 18 28 38 48 18 28 38 48 18 18 18 28 28 28 38 38
1b90: 38 48 48 48 18 18 18 28 28 28 38 38 38 48 48 48
1ba0: 18 18 18 28 28 28 38 38 38 48 48 48 18 18 18 28
1bb0: 28 28 38 38 38 48 48 48 18 28 38 48 18 28 38 48
1bc0: 18 28 38 48 18 18 18 28 28 28 38 38 38 48 48 48
1bd0: 18 18 18 28 28 28 38 38 38 48 48 48 18 18 18 18
1be0: 28 28 28 28 38 38 38 38 48 48 48 48 18 28 38 48
1bf0: 00 00 00 00 00 00 00 00 00 00 00 00 00 00 00 00
1c00: 00 15 25 35 45 65 75 12 13 14 21 23 24 31 32 34
1c10: 41 42 43 61 62 63 64 71 72 73 74 16 26 36 46 17
1c20: 27 37 47 00 00 00 00 00 00 00 00 00 00 00 00 00
1c30: 00 00 00 00 00 00 00 E1 00 00 00 00 00 00 00 00
1c40: 1F 2F 3F 4F 1F 2F 3F 4F 1F 2F 3F 4F F1 F2 F3 F4
1c50: F1 F2 F3 F4 F1 F2 F3 F4 00 00 00 00 00 00 00 00
1c60: 00 00 00 00 00 00 00 00 00 00 00 00 00 00 00 00
1c70: 00 00 F1 F2 F3 F4 F6 F7 1F 2F 3F 4F 6F 7F 00 00
1c80: 18 28 38 48 18 28 38 48 18 18 18 28 28 28 38 38
1c90: 38 48 48 48 18 18 18 28 28 28 38 38 38 48 48 48
1ca0: 18 18 18 28 28 28 38 38 38 48 48 48 18 18 18 28
1cb0: 28 28 38 38 38 48 48 48 18 28 38 48 18 28 38 48
1cc0: 18 28 38 48 18 18 18 28 28 28 38 38 38 48 48 48
1cd0: 18 18 18 28 28 28 38 38 38 48 48 48 18 18 18 18
1ce0: 28 28 28 28 38 38 38 38 48 48 48 48 18 28 38 48
1cf0: 00 00 00 00 00 00 00 00 00 00 00 00 00 00 00 00
1d00: 00 15 25 35 45 65 75 12 13 14 21 23 24 31 32 34
1d10: 41 42 43 61 62 63 64 71 72 73 74 16 26 36 46 17
1d20: 27 37 47 00 00 00 00 00 00 00 00 00 00 00 00 00
1d30: 00 00 00 00 00 00 00 E1 00 00 00 00 00 00 00 00
1d40: 1F 2F 3F 4F 1F 2F 3F 4F 1F 2F 3F 4F F1 F2 F3 F4
1d50: F1 F2 F3 F4 F1 F2 F3 F4 00 00 00 00 00 00 00 00
1d60: 00 00 00 00 00 00 00 00 00 00 00 00 00 00 00 00
1d70: 00 00 F1 F2 F3 F4 F6 F7 1F 2F 3F 4F 6F 7F 00 00
1d80: 18 28 38 48 18 28 38 48 18 18 18 28 28 28 38 38
1d90: 38 48 48 48 18 18 18 28 28 28 38 38 38 48 48 48
1da0: 18 18 18 28 28 28 38 38 38 48 48 48 18 18 18 28
1db0: 28 28 38 38 38 48 48 48 18 28 38 48 18 28 38 48
1dc0: 18 28 38 48 18 18 18 28 28 28 38 38 38 48 48 48
1dd0: 18 18 18 28 28 28 38 38 38 48 48 48 18 18 18 18
1de0: 28 28 28 28 38 38 38 38 48 48 48 48 18 28 38 48
1df0: 00 00 00 00 00 00 00 00 00 00 00 00 00 00 00 00
1e00: 00 15 25 35 45 65 75 12 13 14 21 23 24 31 32 34
1e10: 41 42 43 61 62 63 64 71 72 73 74 16 26 36 46 17
1e20: 27 37 47 00 00 00 00 00 00 00 00 00 00 00 00 00
1e30: 00 00 00 00 00 00 00 E1 00 00 00 00 00 00 00 00
1e40: 1F 2F 3F 4F 1F 2F 3F 4F 1F 2F 3F 4F F1 F2 F3 F4
1e50: F1 F2 F3 F4 F1 F2 F3 F4 00 00 00 00 00 00 00 00
1e60: 00 00 00 00 00 00 00 00 00 00 00 00 00 00 00 00
1e70: 00 00 F1 F2 F3 F4 F6 F7 1F 2F 3F 4F 6F 7F 00 00
1e80: 18 28 38 48 18 28 38 48 18 18 18 28 28 28 38 38
1e90: 38 48 48 48 18 18 18 28 28 28 38 38 38 48 48 48
1ea0: 18 18 18 28 28 28 38 38 38 48 48 48 18 18 18 28
1eb0: 28 28 38 38 38 48 48 48 18 28 38 48 18 28 38 48
1ec0: 18 28 38 48 18 18 18 28 28 28 38 38 38 48 48 48
1ed0: 18 18 18 28 28 28 38 38 38 48 48 48 18 18 18 18
1ee0: 28 28 28 28 38 38 38 38 48 48 48 48 18 28 38 48
1ef0: 00 00 00 00 00 00 00 00 00 00 00 00 00 00 00 00
1f00: 00 15 25 35 45 65 75 12 13 14 21 23 24 31 32 34
1f10: 41 42 43 61 62 63 64 71 72 73 74 16 26 36 46 17
1f20: 27 37 47 00 00 00 00 00 00 00 00 00 00 00 00 00
1f30: 00 00 00 00 00 00 00 E1 00 00 00 00 00 00 00 00
1f40: 1F 2F 3F 4F 1F 2F 3F 4F 1F 2F 3F 4F F1 F2 F3 F4
1f50: F1 F2 F3 F4 F1 F2 F3 F4 00 00 00 00 00 00 00 00
1f60: 00 00 00 00 00 00 00 00 00 00 00 00 00 00 00 00
1f70: 00 00 F1 F2 F3 F4 F6 F7 1F 2F 3F 4F 6F 7F 00 00
1f80: 18 28 38 48 18 28 38 48 18 18 18 28 28 28 38 38
1f90: 38 48 48 48 18 18 18 28 28 28 38 38 38 48 48 48
1fa0: 18 18 18 28 28 28 38 38 38 48 48 48 18 18 18 28
1fb0: 28 28 38 38 38 48 48 48 18 28 38 48 18 28 38 48
1fc0: 18 28 38 48 18 18 18 28 28 28 38 38 38 48 48 48
1fd0: 18 18 18 28 28 28 38 38 38 48 48 48 18 18 18 18
1fe0: 28 28 28 28 38 38 38 38 48 48 48 48 18 28 38 48
1ff0: 00 00 00 00 00 00 00 00 00 00 00 00 00 00 00 00
2000: 00 15 25 35 45 65 75 12 13 14 21 23 24 31 32 34
2010: 41 42 43 61 62 63 64 71 72 73 74 16 26 36 46 17
2020: 27 37 47 00 00 00 00 00 00 00 00 00 00 00 00 00
2030: 00 00 00 00 00 00 00 E1 00 00 00 00 00 00 00 00
2040: 1F 2F 3F 4F 1F 2F 3F 4F 1F 2F 3F 4F F1 F2 F3 F4
2050: F1 F2 F3 F4 F1 F2 F3 F4 00 00 00 00 00 00 00 00
2060: 00 00 00 00 00 00 00 00 00 00 00 00 00 00 00 00
2070: 00 00 F1 F2 F3 F4 F6 F7 1F 2F 3F 4F 6F 7F 00 00
2080: 18 28 38 48 18 28 38 48 18 18 18 28 28 28 38 38
2090: 38 48 48 48 18 18 18 28 28 28 38 38 38 48 48 48
20a0: 18 18 18 28 28 28 38 38 38 48 48 48 18 18 18 28
20b0: 28 28 38 38 38 48 48 48 18 28 38 48 18 28 38 48
20c0: 18 28 38 48 18 18 18 28 28 28 38 38 38 48 48 48
20d0: 18 18 18 28 28 28 38 38 38 48 48 48 18 18 18 18
20e0: 28 28 28 28 38 38 38 38 48 48 48 48 18 28 38 48
20f0: 00 00 00 00 00 00 00 00 00 00 00 00 00 00 00 00
2100: 00 15 25 35 45 65 75 12 13 14 21 23 24 31 32 34
2110: 41 42 43 61 62 63 64 71 72 73 74 16 26 36 46 17
2120: 27 37 47 00 00 00 00 00 00 00 00 00 00 00 00 00
2130: 00 00 00 00 00 00 00 E1 00 00 00 00 00 00 00 00
2140: 1F 2F 3F 4F 1F 2F 3F 4F 1F 2F 3F 4F F1 F2 F3 F4
2150: F1 F2 F3 F4 F1 F2 F3 F4 00 00 00 00 00 00 00 00
2160: 00 00 00 00 00 00 00 00 00 00 00 00 00 00 00 00
2170: 00 00 F1 F2 F3 F4 F6 F7 1F 2F 3F 4F 6F 7F 00 00
2180: 18 28 38 48 18 28 38 48 18 18 18 28 28 28 38 38
2190: 38 48 48 48 18 18 18 28 28 28 38 38 38 48 48 48
21a0: 18 18 18 28 28 28 38 38 38 48 48 48 18 18 18 28
21b0: 28 28 38 38 38 48 48 48 18 28 38 48 18 28 38 48
21c0: 18 28 38 48 18 18 18 28 28 28 38 38 38 48 48 48
21d0: 18 18 18 28 28 28 38 38 38 48 48 48 18 18 18 18
21e0: 28 28 28 28 38 38 38 38 48 48 48 48 18 28 38 48
21f0: 00 00 00 00 00 00 00 00 00 00 00 00 00 00 00 00
2200: 00 15 25 35 45 65 75 12 13 14 21 23 24 31 32 34
2210: 41 42 43 61 62 63 64 71 72 73 74 16 26 36 46 17
2220: 27 37 47 00 00 00 00 00 00 00 00 00 00 00 00 00
2230: 00 00 00 00 00 00 00 E1 00 00 00 00 00 00 00 00
2240: 1F 2F 3F 4F 1F 2F 3F 4F 1F 2F 3F 4F F1 F2 F3 F4
2250: F1 F2 F3 F4 F1 F2 F3 F4 00 00 00 00 00 00 00 00
2260: 00 00 00 00 00 00 00 00 00 00 00 00 00 00 00 00
2270: 00 00 F1 F2 F3 F4 F6 F7 1F 2F 3F 4F 6F 7F 00 00
2280: 18 28 38 48 18 28 38 48 18 18 18 28 28 28 38 38
2290: 38 48 48 48 18 18 18 28 28 28 38 38 38 48 48 48
22a0: 18 18 18 28 28 28 38 38 38 48 48 48 18 18 18 28
22b0: 28 28 38 38 38 48 48 48 18 28 38 48 18 28 38 48
22c0: 18 28 38 48 18 18 18 28 28 28 38 38 38 48 48 48
22d0: 18 18 18 28 28 28 38 38 38 48 48 48 18 18 18 18
22e0: 28 28 28 28 38 38 38 38 48 48 48 48 18 28 38 48
22f0: 00 00 00 00 00 00 00 00 00 00 00 00 00 00 00 00
2300: 00 15 25 35 45 65 75 12 13 14 21 23 24 31 32 34
2310: 41 42 43 61 62 63 64 71 72 73 74 16 26 36 46 17
2320: 27 37 47 00 00 00 00 00 00 00 00 00 00 00 00 00
2330: 00 00 00 00 00 00 00 E1 00 00 00 00 00 00 00 00
2340: 1F 2F 3F 4F 1F 2F 3F 4F 1F 2F 3F 4F F1 F2 F3 F4
2350: F1 F2 F3 F4 F1 F2 F3 F4 00 00 00 00 00 00 00 00
2360: 00 00 00 00 00 00 00 00 00 00 00 00 00 00 00 00
2370: 00 00 F1 F2 F3 F4 F6 F7 1F 2F 3F 4F 6F 7F 00 00
2380: 18 28 38 48 18 28 38 48 18 18 18 28 28 28 38 38
2390: 38 48 48 48 18 18 18 28 28 28 38 38 38 48 48 48
23a0: 18 18 18 28 28 28 38 38 38 48 48 48 18 18 18 28
23b0: 28 28 38 38 38 48 48 48 18 28 38 48 18 28 38 48
23c0: 18 28 38 48 18 18 18 28 28 28 38 38 38 48 48 48
23d0: 18 18 18 28 28 28 38 38 38 48 48 48 18 18 18 18
23e0: 28 28 28 28 38 38 38 38 48 48 48 48 18 28 38 48
23f0: 00 00 00 00 00 00 00 00 00 00 00 00 00 00 00 00
2400: 00 15 25 35 45 65 75 12 13 14 21 23 24 31 32 34
2410: 41 42 43 61 62 63 64 71 72 73 74 16 26 36 46 17
2420: 27 37 47 00 00 00 00 00 00 00 00 00 00 00 00 00
2430: 00 00 00 00 00 00 00 E1 00 00 00 00 00 00 00 00
2440: 1F 2F 3F 4F 1F 2F 3F 4F 1F 2F 3F 4F F1 F2 F3 F4
2450: F1 F2 F3 F4 F1 F2 F3 F4 00 00 00 00 00 00 00 00
2460: 00 00 00 00 00 00 00 00 00 00 00 00 00 00 00 00
2470: 00 00 F1 F2 F3 F4 F6 F7 1F 2F 3F 4F 6F 7F 00 00
2480: 18 28 38 48 18 28 38 48 18 18 18 28 28 28 38 38
2490: 38 48 48 48 18 18 18 28 28 28 38 38 38 48 48 48
24a0: 18 18 18 28 28 28 38 38 38 48 48 48 18 18 18 28
24b0: 28 28 38 38 38 48 48 48 18 28 38 48 18 28 38 48
24c0: 18 28 38 48 18 18 18 28 28 28 38 38 38 48 48 48
24d0: 18 18 18 28 28 28 38 38 38 48 48 48 18 18 18 18
24e0: 28 28 28 28 38 38 38 38 48 48 48 48 18 28 38 48
24f0: 00 00 00 00 00 00 00 00 00 00 00 00 00 00 00 00
2500: 00 15 25 35 45 65 75 12 13 14 21 23 24 31 32 34
2510: 41 42 43 61 62 63 64 71 72 73 74 16 26 36 46 17
2520: 27 37 47 00 00 00 00 00 00 00 00 00 00 00 00 00
2530: 00 00 00 00 00 00 00 E1 00 00 00 00 00 00 00 00
2540: 1F 2F 3F 4F 1F 2F 3F 4F 1F 2F 3F 4F F1 F2 F3 F4
2550: F1 F2 F3 F4 F1 F2 F3 F4 00 00 00 00 00 00 00 00
2560: 00 00 00 00 00 00 00 00 00 00 00 00 00 00 00 00
2570: 00 00 F1 F2 F3 F4 F6 F7 1F 2F 3F 4F 6F 7F 00 00
2580: 18 28 38 48 18 28 38 48 18 18 18 28 28 28 38 38
2590: 38 48 48 48 18 18 18 28 28 28 38 38 38 48 48 48
25a0: 18 18 18 28 28 28 38 38 38 48 48 48 18 18 18 28
25b0: 28 28 38 38 38 48 48 48 18 28 38 48 18 28 38 48
25c0: 18 28 38 48 18 18 18 28 28 28 38 38 38 48 48 48
25d0: 18 18 18 28 28 28 38 38 38 48 48 48 18 18 18 18
25e0: 28 28 28 28 38 38 38 38 48 48 48 48 18 28 38 48
25f0: 00 00 00 00 00 00 00 00 00 00 00 00 00 00 00 00
2600: 00 15 25 35 45 65 75 12 13 14 21 23 24 31 32 34
2610: 41 42 43 61 62 63 64 71 72 73 74 16 26 36 46 17
2620: 27 37 47 00 00 00 00 00 00 00 00 00 00 00 00 00
2630: 00 00 00 00 00 00 00 E1 00 00 00 00 00 00 00 00
2640: 1F 2F 3F 4F 1F 2F 3F 4F 1F 2F 3F 4F F1 F2 F3 F4
2650: F1 F2 F3 F4 F1 F2 F3 F4 00 00 00 00 00 00 00 00
2660: 00 00 00 00 00 00 00 00 00 00 00 00 00 00 00 00
2670: 00 00 F1 F2 F3 F4 F6 F7 1F 2F 3F 4F 6F 7F 00 00
2680: 18 28 38 48 18 28 38 48 18 18 18 28 28 28 38 38
2690: 38 48 48 48 18 18 18 28 28 28 38 38 38 48 48 48
26a0: 18 18 18 28 28 28 38 38 38 48 48 48 18 18 18 28
26b0: 28 28 38 38 38 48 48 48 18 28 38 48 18 28 38 48
26c0: 18 28 38 48 18 18 18 28 28 28 38 38 38 48 48 48
26d0: 18 18 18 28 28 28 38 38 38 48 48 48 18 18 18 18
26e0: 28 28 28 28 38 38 38 38 48 48 48 48 18 28 38 48
26f0: 00 00 00 00 00 00 00 00 00 00 00 00 00 00 00 00
2700: 00 15 25 35 45 65 75 12 13 14 21 23 24 31 32 34
2710: 41 42 43 61 62 63 64 71 72 73 74 16 26 36 46 17
2720: 27 37 47 00 00 00 00 00 00 00 00 00 00 00 00 00
2730: 00 00 00 00 00 00 00 E1 00 00 00 00 00 00 00 00
2740: 1F 2F 3F 4F 1F 2F 3F 4F 1F 2F 3F 4F F1 F2 F3 F4
2750: F1 F2 F3 F4 F1 F2 F3 F4 00 00 00 00 00 00 00 00
2760: 00 00 00 00 00 00 00 00 00 00 00 00 00 00 00 00
2770: 00 00 F1 F2 F3 F4 F6 F7 1F 2F 3F 4F 6F 7F 00 00
2780: 18 28 38 48 18 28 38 48 18 18 18 28 28 28 38 38
2790: 38 48 48 48 18 18 18 28 28 28 38 38 38 48 48 48
27a0: 18 18 18 28 28 28 38 38 38 48 48 48 18 18 18 28
27b0: 28 28 38 38 38 48 48 48 18 28 38 48 18 28 38 48
27c0: 18 28 38 48 18 18 18 28 28 28 38 38 38 48 48 48
27d0: 18 18 18 28 28 28 38 38 38 48 48 48 18 18 18 18
27e0: 28 28 28 28 38 38 38 38 48 48 48 48 18 28 38 48
27f0: 00 00 00 00 00 00 00 00 00 00 00 00 00 00 00 00
2800: 00 15 25 35 45 65 75 12 13 14 21 23 24 31 32 34
2810: 41 42 43 61 62 63 64 71 72 73 74 16 26 36 46 17
2820: 27 37 47 00 00 00 00 00 00 00 00 00 00 00 00 00
2830: 00 00 00 00 00 00 00 E1 00 00 00 00 00 00 00 00
2840: 1F 2F 3F 4F 1F 2F 3F 4F 1F 2F 3F 4F F1 F2 F3 F4
2850: F1 F2 F3 F4 F1 F2 F3 F4 00 00 00 00 00 00 00 00
2860: 00 00 00 00 00 00 00 00 00 00 00 00 00 00 00 00
2870: 00 00 F1 F2 F3 F4 F6 F7 1F 2F 3F 4F 6F 7F 00 00
2880: 18 28 38 48 18 28 38 48 18 18 18 28 28 28 38 38
2890: 38 48 48 48 18 18 18 28 28 28 38 38 38 48 48 48
28a0: 18 18 18 28 28 28 38 38 38 48 48 48 18 18 18 28
28b0: 28 28 38 38 38 48 48 48 18 28 38 48 18 28 38 48
28c0: 18 28 38 48 18 18 18 28 28 28 38 38 38 48 48 48
28d0: 18 18 18 28 28 28 38 38 38 48 48 48 18 18 18 18
28e0: 28 28 28 28 38 38 38 38 48 48 48 48 18 28 38 48
28f0: 00 00 00 00 00 00 00 00 00 00 00 00 00 00 00 00
2900: 00 15 25 35 45 65 75 12 13 14 21 23 24 31 32 34
2910: 41 42 43 61 62 63 64 71 72 73 74 16 26 36 46 17
2920: 27 37 47 00 00 00 00 00 00 00 00 00 00 00 00 00
2930: 00 00 00 00 00 00 00 E1 00 00 00 00 00 00 00 00
2940: 1F 2F 3F 4F 1F 2F 3F 4F 1F 2F 3F 4F F1 F2 F3 F4
2950: F1 F2 F3 F4 F1 F2 F3 F4 00 00 00 00 00 00 00 00
2960: 00 00 00 00 00 00 00 00 00 00 00 00 00 00 00 00
2970: 00 00 F1 F2 F3 F4 F6 F7 1F 2F 3F 4F 6F 7F 00 00
2980: 18 28 38 48 18 28 38 48 18 18 18 28 28 28 38 38
2990: 38 48 48 48 18 18 18 28 28 28 38 38 38 48 48 48
29a0: 18 18 18 28 28 28 38 38 38 48 48 48 18 18 18 28
29b0: 28 28 38 38 38 48 48 48 18 28 38 48 18 28 38 48
29c0: 18 28 38 48 18 18 18 28 28 28 38 38 38 48 48 48
29d0: 18 18 18 28 28 28 38 38 38 48 48 48 18 18 18 18
29e0: 28 28 28 28 38 38 38 38 48 48 48 48 18 28 38 48
29f0: 00 00 00 00 00 00 00 00 00 00 00 00 00 00 00 00
2a00: 00 15 25 35 45 65 75 12 13 14 21 23 24 31 32 34
2a10: 41 42 43 61 62 63 64 71 72 73 74 16 26 36 46 17
2a20: 27 37 47 00 00 00 00 00 00 00 00 00 00 00 00 00
2a30: 00 00 00 00 00 00 00 E1 00 00 00 00 00 00 00 00
2a40: 1F 2F 3F 4F 1F 2F 3F 4F 1F 2F 3F 4F F1 F2 F3 F4
2a50: F1 F2 F3 F4 F1 F2 F3 F4 00 00 00 00 00 00 00 00
2a60: 00 00 00 00 00 00 00 00 00 00 00 00 00 00 00 00
2a70: 00 00 F1 F2 F3 F4 F6 F7 1F 2F 3F 4F 6F 7F 00 00
2a80: 18 28 38 48 18 28 38 48 18 18 18 28 28 28 38 38
2a90: 38 48 48 48 18 18 18 28 28 28 38 38 38 48 48 48
2aa0: 18 18 18 28 28 28 38 38 38 48 48 48 18 18 18 28
2ab0: 28 28 38 38 38 48 48 48 18 28 38 48 18 28 38 48
2ac0: 18 28 38 48 18 18 18 28 28 28 38 38 38 48 48 48
2ad0: 18 18 18 28 28 28 38 38 38 48 48 48 18 18 18 18
2ae0: 28 28 28 28 38 38 38 38 48 48 48 48 18 28 38 48
2af0: 00 00 00 00 00 00 00 00 00 00 00 00 00 00 00 00
2b00: 00 15 25 35 45 65 75 12 13 14 21 23 24 31 32 34
2b10: 41 42 43 61 62 63 64 71 72 73 74 16 26 36 46 17
2b20: 27 37 47 00 00 00 00 00 00 00 00 00 00 00 00 00
2b30: 00 00 00 00 00 00 00 E1 00 00 00 00 00 00 00 00
2b40: 1F 2F 3F 4F 1F 2F 3F 4F 1F 2F 3F 4F F1 F2 F3 F4
2b50: F1 F2 F3 F4 F1 F2 F3 F4 00 00 00 00 00 00 00 00
2b60: 00 00 00 00 00 00 00 00 00 00 00 00 00 00 00 00
2b70: 00 00 F1 F2 F3 F4 F6 F7 1F 2F 3F 4F 6F 7F 00 00
2b80: 18 28 38 48 18 28 38 48 18 18 18 28 28 28 38 38
2b90: 38 48 48 48 18 18 18 28 28 28 38 38 38 48 48 48
2ba0: 18 18 18 28 28 28 38 38 38 48 48 48 18 18 18 28
2bb0: 28 28 38 38 38 48 48 48 18 28 38 48 18 28 38 48
2bc0: 18 28 38 48 18 18 18 28 28 28 38 38 38 48 48 48
2bd0: 18 18 18 28 28 28 38 38 38 48 48 48 18 18 18 18
2be0: 28 28 28 28 38 38 38 38 48 48 48 48 18 28 38 48
2bf0: 00 00 00 00 00 00 00 00 00 00 00 00 00 00 00 00
2c00: 00 15 25 35 45 65 75 12 13 14 21 23 24 31 32 34
2c10: 41 42 43 61 62 63 64 71 72 73 74 16 26 36 46 17
2c20: 27 37 47 00 00 00 00 00 00 00 00 00 00 00 00 00
2c30: 00 00 00 00 00 00 00 E1 00 00 00 00 00 00 00 00
2c40: 1F 2F 3F 4F 1F 2F 3F 4F 1F 2F 3F 4F F1 F2 F3 F4
2c50: F1 F2 F3 F4 F1 F2 F3 F4 00 00 00 00 00 00 00 00
2c60: 00 00 00 00 00 00 00 00 00 00 00 00 00 00 00 00
2c70: 00 00 F1 F2 F3 F4 F6 F7 1F 2F 3F 4F 6F 7F 00 00
2c80: 18 28 38 48 18 28 38 48 18 18 18 28 28 28 38 38
2c90: 38 48 48 48 18 18 18 28 28 28 38 38 38 48 48 48
2ca0: 18 18 18 28 28 28 38 38 38 48 48 48 18 18 18 28
2cb0: 28 28 38 38 38 48 48 48 18 28 38 48 18 28 38 48
2cc0: 18 28 38 48 18 18 18 28 28 28 38 38 38 48 48 48
2cd0: 18 18 18 28 28 28 38 38 38 48 48 48 18 18 18 18
2ce0: 28 28 28 28 38 38 38 38 48 48 48 48 18 28 38 48
2cf0: 00 00 00 00 00 00 00 00 00 00 00 00 00 00 00 00
2d00: 00 15 25 35 45 65 75 12 13 14 21 23 24 31 32 34
2d10: 41 42 43 61 62 63 64 71 72 73 74 16 26 36 46 17
2d20: 27 37 47 00 00 00 00 00 00 00 00 00 00 00 00 00
2d30: 00 00 00 00 00 00 00 E1 00 00 00 00 00 00 00 00
2d40: 1F 2F 3F 4F 1F 2F 3F 4F 1F 2F 3F 4F F1 F2 F3 F4
2d50: F1 F2 F3 F4 F1 F2 F3 F4 00 00 00 00 00 00 00 00
2d60: 00 00 00 00 00 00 00 00 00 00 00 00 00 00 00 00
2d70: 00 00 F1 F2 F3 F4 F6 F7 1F 2F 3F 4F 6F 7F 00 00
2d80: 18 28 38 48 18 28 38 48 18 18 18 28 28 28 38 38
2d90: 38 48 48 48 18 18 18 28 28 28 38 38 38 48 48 48
2da0: 18 18 18 28 28 28 38 38 38 48 48 48 18 18 18 28
2db0: 28 28 38 38 38 48 48 48 18 28 38 48 18 28 38 48
2dc0: 18 28 38 48 18 18 18 28 28 28 38 38 38 48 48 48
2dd0: 18 18 18 28 28 28 38 38 38 48 48 48 18 18 18 18
2de0: 28 28 28 28 38 38 38 38 48 48 48 48 18 28 38 48
2df0: 00 00 00 00 00 00 00 00 00 00 00 00 00 00 00 00
2e00: 00 15 25 35 45 65 75 12 13 14 21 23 24 31 32 34
2e10: 41 42 43 61 62 63 64 71 72 73 74 16 26 36 46 17
2e20: 27 37 47 00 00 00 00 00 00 00 00 00 00 00 00 00
2e30: 00 00 00 00 00 00 00 E1 00 00 00 00 00 00 00 00
2e40: 1F 2F 3F 4F 1F 2F 3F 4F 1F 2F 3F 4F F1 F2 F3 F4
2e50: F1 F2 F3 F4 F1 F2 F3 F4 00 00 00 00 00 00 00 00
2e60: 00 00 00 00 00 00 00 00 00 00 00 00 00 00 00 00
2e70: 00 00 F1 F2 F3 F4 F6 F7 1F 2F 3F 4F 6F 7F 00 00
2e80: 18 28 38 48 18 28 38 48 18 18 18 28 28 28 38 38
2e90: 38 48 48 48 18 18 18 28 28 28 38 38 38 48 48 48
2ea0: 18 18 18 28 28 28 38 38 38 48 48 48 18 18 18 28
2eb0: 28 28 38 38 38 48 48 48 18 28 38 48 18 28 38 48
2ec0: 18 28 38 48 18 18 18 28 28 28 38 38 38 48 48 48
2ed0: 18 18 18 28 28 28 38 38 38 48 48 48 18 18 18 18
2ee0: 28 28 28 28 38 38 38 38 48 48 48 48 18 28 38 48
2ef0: 00 00 00 00 00 00 00 00 00 00 00 00 00 00 00 00
2f00: 00 15 25 35 45 65 75 12 13 14 21 23 24 31 32 34
2f10: 41 42 43 61 62 63 64 71 72 73 74 16 26 36 46 17
2f20: 27 37 47 00 00 00 00 00 00 00 00 00 00 00 00 00
2f30: 00 00 00 00 00 00 00 E1 00 00 00 00 00 00 00 00
2f40: 1F 2F 3F 4F 1F 2F 3F 4F 1F 2F 3F 4F F1 F2 F3 F4
2f50: F1 F2 F3 F4 F1 F2 F3 F4 00 00 00 00 00 00 00 00
2f60: 00 00 00 00 00 00 00 00 00 00 00 00 00 00 00 00
2f70: 00 00 F1 F2 F3 F4 F6 F7 1F 2F 3F 4F 6F 7F 00 00
2f80: 18 28 38 48 18 28 38 48 18 18 18 28 28 28 38 38
2f90: 38 48 48 48 18 18 18 28 28 28 38 38 38 48 48 48
2fa0: 18 18 18 28 28 28 38 38 38 48 48 48 18 18 18 28
2fb0: 28 28 38 38 38 48 48 48 18 28 38 48 18 28 38 48
2fc0: 18 28 38 48 18 18 18 28 28 28 38 38 38 48 48 48
2fd0: 18 18 18 28 28 28 38 38 38 48 48 48 18 18 18 18
2fe0: 28 28 28 28 38 38 38 38 48 48 48 48 18 28 38 48
2ff0: 00 00 00 00 00 00 00 00 00 00 00 00 00 00 00 00
3000: 00 15 25 35 45 65 75 12 13 14 21 23 24 31 32 34
3010: 41 42 43 61 62 63 64 71 72 73 74 16 26 36 46 17
3020: 27 37 47 00 00 00 00 00 00 00 00 00 00 00 00 00
3030: 00 00 00 00 00 00 00 E1 00 00 00 00 00 00 00 00
3040: 1F 2F 3F 4F 1F 2F 3F 4F 1F 2F 3F 4F F1 F2 F3 F4
3050: F1 F2 F3 F4 F1 F2 F3 F4 00 00 00 00 00 00 00 00
3060: 00 00 00 00 00 00 00 00 00 00 00 00 00 00 00 00
3070: 00 00 F1 F2 F3 F4 F6 F7 1F 2F 3F 4F 6F 7F 00 00
3080: 18 28 38 48 18 28 38 48 18 18 18 28 28 28 38 38
3090: 38 48 48 48 18 18 18 28 28 28 38 38 38 48 48 48
30a0: 18 18 18 28 28 28 38 38 38 48 48 48 18 18 18 28
30b0: 28 28 38 38 38 48 48 48 18 28 38 48 18 28 38 48
30c0: 18 28 38 48 18 18 18 28 28 28 38 38 38 48 48 48
30d0: 18 18 18 28 28 28 38 38 38 48 48 48 18 18 18 18
30e0: 28 28 28 28 38 38 38 38 48 48 48 48 18 28 38 48
30f0: 00 00 00 00 00 00 00 00 00 00 00 00 00 00 00 00
3100: 00 15 25 35 45 65 75 12 13 14 21 23 24 31 32 34
3110: 41 42 43 61 62 63 64 71 72 73 74 16 26 36 46 17
3120: 27 37 47 00 00 00 00 00 00 00 00 00 00 00 00 00
3130: 00 00 00 00 00 00 00 E1 00 00 00 00 00 00 00 00
3140: 1F 2F 3F 4F 1F 2F 3F 4F 1F 2F 3F 4F F1 F2 F3 F4
3150: F1 F2 F3 F4 F1 F2 F3 F4 00 00 00 00 00 00 00 00
3160: 00 00 00 00 00 00 00 00 00 00 00 00 00 00 00 00
3170: 00 00 F1 F2 F3 F4 F6 F7 1F 2F 3F 4F 6F 7F 00 00
3180: 18 28 38 48 18 28 38 48 18 18 18 28 28 28 38 38
3190: 38 48 48 48 18 18 18 28 28 28 38 38 38 48 48 48
31a0: 18 18 18 28 28 28 38 38 38 48 48 48 18 18 18 28
31b0: 28 28 38 38 38 48 48 48 18 28 38 48 18 28 38 48
31c0: 18 28 38 48 18 18 18 28 28 28 38 38 38 48 48 48
31d0: 18 18 18 28 28 28 38 38 38 48 48 48 18 18 18 18
31e0: 28 28 28 28 38 38 38 38 48 48 48 48 18 28 38 48
31f0: 00 00 00 00 00 00 00 00 00 00 00 00 00 00 00 00
3200: 00 15 25 35 45 65 75 12 13 14 21 23 24 31 32 34
3210: 41 42 43 61 62 63 64 71 72 73 74 16 26 36 46 17
3220: 27 37 47 00 00 00 00 00 00 00 00 00 00 00 00 00
3230: 00 00 00 00 00 00 00 E1 00 00 00 00 00 00 00 00
3240: 1F 2F 3F 4F 1F 2F 3F 4F 1F 2F 3F 4F F1 F2 F3 F4
3250: F1 F2 F3 F4 F1 F2 F3 F4 00 00 00 00 00 00 00 00
3260: 00 00 00 00 00 00 00 00 00 00 00 00 00 00 00 00
3270: 00 00 F1 F2 F3 F4 F6 F7 1F 2F 3F 4F 6F 7F 00 00
3280: 18 28 38 48 18 28 38 48 18 18 18 28 28 28 38 38
3290: 38 48 48 48 18 18 18 28 28 28 38 38 38 48 48 48
32a0: 18 18 18 28 28 28 38 38 38 48 48 48 18 18 18 28
32b0: 28 28 38 38 38 48 48 48 18 28 38 48 18 28 38 48
32c0: 18 28 38 48 18 18 18 28 28 28 38 38 38 48 48 48
32d0: 18 18 18 28 28 28 38 38 38 48 48 48 18 18 18 18
32e0: 28 28 28 28 38 38 38 38 48 48 48 48 18 28 38 48
32f0: 00 00 00 00 00 00 00 00 00 00 00 00 00 00 00 00
3300: 00 15 25 35 45 65 75 12 13 14 21 23 24 31 32 34
3310: 41 42 43 61 62 63 64 71 72 73 74 16 26 36 46 17
3320: 27 37 47 00 00 00 00 00 00 00 00 00 00 00 00 00
3330: 00 00 00 00 00 00 00 E1 00 00 00 00 00 00 00 00
3340: 1F 2F 3F 4F 1F 2F 3F 4F 1F 2F 3F 4F F1 F2 F3 F4
3350: F1 F2 F3 F4 F1 F2 F3 F4 00 00 00 00 00 00 00 00
3360: 00 00 00 00 00 00 00 00 00 00 00 00 00 00 00 00
3370: 00 00 F1 F2 F3 F4 F6 F7 1F 2F 3F 4F 6F 7F 00 00
3380: 18 28 38 48 18 28 38 48 18 18 18 28 28 28 38 38
3390: 38 48 48 48 18 18 18 28 28 28 38 38 38 48 48 48
33a0: 18 18 18 28 28 28 38 38 38 48 48 48 18 18 18 28
33b0: 28 28 38 38 38 48 48 48 18 28 38 48 18 28 38 48
33c0: 18 28 38 48 18 18 18 28 28 28 38 38 38 48 48 48
33d0: 18 18 18 28 28 28 38 38 38 48 48 48 18 18 18 18
33e0: 28 28 28 28 38 38 38 38 48 48 48 48 18 28 38 48
33f0: 00 00 00 00 00 00 00 00 00 00 00 00 00 00 00 00
3400: 00 15 25 35 45 65 75 12 13 14 21 23 24 31 32 34
3410: 41 42 43 61 62 63 64 71 72 73 74 16 26 36 46 17
3420: 27 37 47 00 00 00 00 00 00 00 00 00 00 00 00 00
3430: 00 00 00 00 00 00 00 E1 00 00 00 00 00 00 00 00
3440: 1F 2F 3F 4F 1F 2F 3F 4F 1F 2F 3F 4F F1 F2 F3 F4
3450: F1 F2 F3 F4 F1 F2 F3 F4 00 00 00 00 00 00 00 00
3460: 00 00 00 00 00 00 00 00 00 00 00 00 00 00 00 00
3470: 00 00 F1 F2 F3 F4 F6 F7 1F 2F 3F 4F 6F 7F 00 00
3480: 18 28 38 48 18 28 38 48 18 18 18 28 28 28 38 38
3490: 38 48 48 48 18 18 18 28 28 28 38 38 38 48 48 48
34a0: 18 18 18 28 28 28 38 38 38 48 48 48 18 18 18 28
34b0: 28 28 38 38 38 48 48 48 18 28 38 48 18 28 38 48
34c0: 18 28 38 48 18 18 18 28 28 28 38 38 38 48 48 48
34d0: 18 18 18 28 28 28 38 38 38 48 48 48 18 18 18 18
34e0: 28 28 28 28 38 38 38 38 48 48 48 48 18 28 38 48
34f0: 00 00 00 00 00 00 00 00 00 00 00 00 00 00 00 00
3500: 00 15 25 35 45 65 75 12 13 14 21 23 24 31 32 34
3510: 41 42 43 61 62 63 64 71 72 73 74 16 26 36 46 17
3520: 27 37 47 00 00 00 00 00 00 00 00 00 00 00 00 00
3530: 00 00 00 00 00 00 00 E1 00 00 00 00 00 00 00 00
3540: 1F 2F 3F 4F 1F 2F 3F 4F 1F 2F 3F 4F F1 F2 F3 F4
3550: F1 F2 F3 F4 F1 F2 F3 F4 00 00 00 00 00 00 00 00
3560: 00 00 00 00 00 00 00 00 00 00 00 00 00 00 00 00
3570: 00 00 F1 F2 F3 F4 F6 F7 1F 2F 3F 4F 6F 7F 00 00
3580: 18 28 38 48 18 28 38 48 18 18 18 28 28 28 38 38
3590: 38 48 48 48 18 18 18 28 28 28 38 38 38 48 48 48
35a0: 18 18 18 28 28 28 38 38 38 48 48 48 18 18 18 28
35b0: 28 28 38 38 38 48 48 48 18 28 38 48 18 28 38 48
35c0: 18 28 38 48 18 18 18 28 28 28 38 38 38 48 48 48
35d0: 18 18 18 28 28 28 38 38 38 48 48 48 18 18 18 18
35e0: 28 28 28 28 38 38 38 38 48 48 48 48 18 28 38 48
35f0: 00 00 00 00 00 00 00 00 00 00 00 00 00 00 00 00
3600: 00 15 25 35 45 65 75 12 13 14 21 23 24 31 32 34
3610: 41 42 43 61 62 63 64 71 72 73 74 16 26 36 46 17
3620: 27 37 47 00 00 00 00 00 00 00 00 00 00 00 00 00
3630: 00 00 00 00 00 00 00 E1 00 00 00 00 00 00 00 00
3640: 1F 2F 3F 4F 1F 2F 3F 4F 1F 2F 3F 4F F1 F2 F3 F4
3650: F1 F2 F3 F4 F1 F2 F3 F4 00 00 00 00 00 00 00 00
3660: 00 00 00 00 00 00 00 00 00 00 00 00 00 00 00 00
3670: 00 00 F1 F2 F3 F4 F6 F7 1F 2F 3F 4F 6F 7F 00 00
3680: 18 28 38 48 18 28 38 48 18 18 18 28 28 28 38 38
3690: 38 48 48 48 18 18 18 28 28 28 38 38 38 48 48 48
36a0: 18 18 18 28 28 28 38 38 38 48 48 48 18 18 18 28
36b0: 28 28 38 38 38 48 48 48 18 28 38 48 18 28 38 48
36c0: 18 28 38 48 18 18 18 28 28 28 38 38 38 48 48 48
36d0: 18 18 18 28 28 28 38 38 38 48 48 48 18 18 18 18
36e0: 28 28 28 28 38 38 38 38 48 48 48 48 18 28 38 48
36f0: 00 00 00 00 00 00 00 00 00 00 00 00 00 00 00 00
3700: 00 15 25 35 45 65 75 12 13 14 21 23 24 31 32 34
3710: 41 42 43 61 62 63 64 71 72 73 74 16 26 36 46 17
3720: 27 37 47 00 00 00 00 00 00 00 00 00 00 00 00 00
3730: 00 00 00 00 00 00 00 E1 00 00 00 00 00 00 00 00
3740: 1F 2F 3F 4F 1F 2F 3F 4F 1F 2F 3F 4F F1 F2 F3 F4
3750: F1 F2 F3 F4 F1 F2 F3 F4 00 00 00 00 00 00 00 00
3760: 00 00 00 00 00 00 00 00 00 00 00 00 00 00 00 00
3770: 00 00 F1 F2 F3 F4 F6 F7 1F 2F 3F 4F 6F 7F 00 00
3780: 18 28 38 48 18 28 38 48 18 18 18 28 28 28 38 38
3790: 38 48 48 48 18 18 18 28 28 28 38 38 38 48 48 48
37a0: 18 18 18 28 28 28 38 38 38 48 48 48 18 18 18 28
37b0: 28 28 38 38 38 48 48 48 18 28 38 48 18 28 38 48
37c0: 18 28 38 48 18 18 18 28 28 28 38 38 38 48 48 48
37d0: 18 18 18 28 28 28 38 38 38 48 48 48 18 18 18 18
37e0: 28 28 28 28 38 38 38 38 48 48 48 48 18 28 38 48
37f0: 00 00 00 00 00 00 00 00 00 00 00 00 00 00 00 00
3800: 00 15 25 35 45 65 75 12 13 14 21 23 24 31 32 34
3810: 41 42 43 61 62 63 64 71 72 73 74 16 26 36 46 17
3820: 27 37 47 00 00 00 00 00 00 00 00 00 00 00 00 00
3830: 00 00 00 00 00 00 00 E1 00 00 00 00 00 00 00 00
3840: 1F 2F 3F 4F 1F 2F 3F 4F 1F 2F 3F 4F F1 F2 F3 F4
3850: F1 F2 F3 F4 F1 F2 F3 F4 00 00 00 00 00 00 00 00
3860: 00 00 00 00 00 00 00 00 00 00 00 00 00 00 00 00
3870: 00 00 F1 F2 F3 F4 F6 F7 1F 2F 3F 4F 6F 7F 00 00
3880: 18 28 38 48 18 28 38 48 18 18 18 28 28 28 38 38
3890: 38 48 48 48 18 18 18 28 28 28 38 38 38 48 48 48
38a0: 18 18 18 28 28 28 38 38 38 48 48 48 18 18 18 28
38b0: 28 28 38 38 38 48 48 48 18 28 38 48 18 28 38 48
38c0: 18 28 38 48 18 18 18 28 28 28 38 38 38 48 48 48
38d0: 18 18 18 28 28 28 38 38 38 48 48 48 18 18 18 18
38e0: 28 28 28 28 38 38 38 38 48 48 48 48 18 28 38 48
38f0: 00 00 00 00 00 00 00 00 00 00 00 00 00 00 00 00
3900: 00 15 25 35 45 65 75 12 13 14 21 23 24 31 32 34
3910: 41 42 43 61 62 63 64 71 72 73 74 16 26 36 46 17
3920: 27 37 47 00 00 00 00 00 00 00 00 00 00 00 00 00
3930: 00 00 00 00 00 00 00 E1 00 00 00 00 00 00 00 00
3940: 1F 2F 3F 4F 1F 2F 3F 4F 1F 2F 3F 4F F1 F2 F3 F4
3950: F1 F2 F3 F4 F1 F2 F3 F4 00 00 00 00 00 00 00 00
3960: 00 00 00 00 00 00 00 00 00 00 00 00 00 00 00 00
3970: 00 00 F1 F2 F3 F4 F6 F7 1F 2F 3F 4F 6F 7F 00 00
3980: 18 28 38 48 18 28 38 48 18 18 18 28 28 28 38 38
3990: 38 48 48 48 18 18 18 28 28 28 38 38 38 48 48 48
39a0: 18 18 18 28 28 28 38 38 38 48 48 48 18 18 18 28
39b0: 28 28 38 38 38 48 48 48 18 28 38 48 18 28 38 48
39c0: 18 28 38 48 18 18 18 28 28 28 38 38 38 48 48 48
39d0: 18 18 18 28 28 28 38 38 38 48 48 48 18 18 18 18
39e0: 28 28 28 28 38 38 38 38 48 48 48 48 18 28 38 48
39f0: 00 00 00 00 00 00 00 00 00 00 00 00 00 00 00 00
3a00: 00 15 25 35 45 65 75 12 13 14 21 23 24 31 32 34
3a10: 41 42 43 61 62 63 64 71 72 73 74 16 26 36 46 17
3a20: 27 37 47 00 00 00 00 00 00 00 00 00 00 00 00 00
3a30: 00 00 00 00 00 00 00 E1 00 00 00 00 00 00 00 00
3a40: 1F 2F 3F 4F 1F 2F 3F 4F 1F 2F 3F 4F F1 F2 F3 F4
3a50: F1 F2 F3 F4 F1 F2 F3 F4 00 00 00 00 00 00 00 00
3a60: 00 00 00 00 00 00 00 00 00 00 00 00 00 00 00 00
3a70: 00 00 F1 F2 F3 F4 F6 F7 1F 2F 3F 4F 6F 7F 00 00
3a80: 18 28 38 48 18 28 38 48 18 18 18 28 28 28 38 38
3a90: 38 48 48 48 18 18 18 28 28 28 38 38 38 48 48 48
3aa0: 18 18 18 28 28 28 38 38 38 48 48 48 18 18 18 28
3ab0: 28 28 38 38 38 48 48 48 18 28 38 48 18 28 38 48
3ac0: 18 28 38 48 18 18 18 28 28 28 38 38 38 48 48 48
3ad0: 18 18 18 28 28 28 38 38 38 48 48 48 18 18 18 18
3ae0: 28 28 28 28 38 38 38 38 48 48 48 48 18 28 38 48
3af0: 00 00 00 00 00 00 00 00 00 00 00 00 00 00 00 00
3b00: 00 15 25 35 45 65 75 12 13 14 21 23 24 31 32 34
3b10: 41 42 43 61 62 63 64 71 72 73 74 16 26 36 46 17
3b20: 27 37 47 00 00 00 00 00 00 00 00 00 00 00 00 00
3b30: 00 00 00 00 00 00 00 E1 00 00 00 00 00 00 00 00
3b40: 1F 2F 3F 4F 1F 2F 3F 4F 1F 2F 3F 4F F1 F2 F3 F4
3b50: F1 F2 F3 F4 F1 F2 F3 F4 00 00 00 00 00 00 00 00
3b60: 00 00 00 00 00 00 00 00 00 00 00 00 00 00 00 00
3b70: 00 00 F1 F2 F3 F4 F6 F7 1F 2F 3F 4F 6F 7F 00 00
3b80: 18 28 38 48 18 28 38 48 18 18 18 28 28 28 38 38
3b90: 38 48 48 48 18 18 18 28 28 28 38 38 38 48 48 48
3ba0: 18 18 18 28 28 28 38 38 38 48 48 48 18 18 18 28
3bb0: 28 28 38 38 38 48 48 48 18 28 38 48 18 28 38 48
3bc0: 18 28 38 48 18 18 18 28 28 28 38 38 38 48 48 48
3bd0: 18 18 18 28 28 28 38 38 38 48 48 48 18 18 18 18
3be0: 28 28 28 28 38 38 38 38 48 48 48 48 18 28 38 48
3bf0: 00 00 00 00 00 00 00 00 00 00 00 00 00 00 00 00
3c00: 00 15 25 35 45 65 75 12 13 14 21 23 24 31 32 34
3c10: 41 42 43 61 62 63 64 71 72 73 74 16 26 36 46 17
3c20: 27 37 47 00 00 00 00 00 00 00 00 00 00 00 00 00
3c30: 00 00 00 00 00 00 00 E1 00 00 00 00 00 00 00 00
3c40: 1F 2F 3F 4F 1F 2F 3F 4F 1F 2F 3F 4F F1 F2 F3 F4
3c50: F1 F2 F3 F4 F1 F2 F3 F4 00 00 00 00 00 00 00 00
3c60: 00 00 00 00 00 00 00 00 00 00 00 00 00 00 00 00
3c70: 00 00 F1 F2 F3 F4 F6 F7 1F 2F 3F 4F 6F 7F 00 00
3c80: 18 28 38 48 18 28 38 48 18 18 18 28 28 28 38 38
3c90: 38 48 48 48 18 18 18 28 28 28 38 38 38 48 48 48
3ca0: 18 18 18 28 28 28 38 38 38 48 48 48 18 18 18 28
3cb0: 28 28 38 38 38 48 48 48 18 28 38 48 18 28 38 48
3cc0: 18 28 38 48 18 18 18 28 28 28 38 38 38 48 48 48
3cd0: 18 18 18 28 28 28 38 38 38 48 48 48 18 18 18 18
3ce0: 28 28 28 28 38 38 38 38 48 48 48 48 18 28 38 48
3cf0: 00 00 00 00 00 00 00 00 00 00 00 00 00 00 00 00
3d00: 00 15 25 35 45 65 75 12 13 14 21 23 24 31 32 34
3d10: 41 42 43 61 62 63 64 71 72 73 74 16 26 36 46 17
3d20: 27 37 47 00 00 00 00 00 00 00 00 00 00 00 00 00
3d30: 00 00 00 00 00 00 00 E1 00 00 00 00 00 00 00 00
3d40: 1F 2F 3F 4F 1F 2F 3F 4F 1F 2F 3F 4F F1 F2 F3 F4
3d50: F1 F2 F3 F4 F1 F2 F3 F4 00 00 00 00 00 00 00 00
3d60: 00 00 00 00 00 00 00 00 00 00 00 00 00 00 00 00
3d70: 00 00 F1 F2 F3 F4 F6 F7 1F 2F 3F 4F 6F 7F 00 00
3d80: 18 28 38 48 18 28 38 48 18 18 18 28 28 28 38 38
3d90: 38 48 48 48 18 18 18 28 28 28 38 38 38 48 48 48
3da0: 18 18 18 28 28 28 38 38 38 48 48 48 18 18 18 28
3db0: 28 28 38 38 38 48 48 48 18 28 38 48 18 28 38 48
3dc0: 18 28 38 48 18 18 18 28 28 28 38 38 38 48 48 48
3dd0: 18 18 18 28 28 28 38 38 38 48 48 48 18 18 18 18
3de0: 28 28 28 28 38 38 38 38 48 48 48 48 18 28 38 48
3df0: 00 00 00 00 00 00 00 00 00 00 00 00 00 00 00 00
3e00: 00 15 25 35 45 65 75 12 13 14 21 23 24 31 32 34
3e10: 41 42 43 61 62 63 64 71 72 73 74 16 26 36 46 17
3e20: 27 37 47 00 00 00 00 00 00 00 00 00 00 00 00 00
3e30: 00 00 00 00 00 00 00 E1 00 00 00 00 00 00 00 00
3e40: 1F 2F 3F 4F 1F 2F 3F 4F 1F 2F 3F 4F F1 F2 F3 F4
3e50: F1 F2 F3 F4 F1 F2 F3 F4 00 00 00 00 00 00 00 00
3e60: 00 00 00 00 00 00 00 00 00 00 00 00 00 00 00 00
3e70: 00 00 F1 F2 F3 F4 F6 F7 1F 2F 3F 4F 6F 7F 00 00
3e80: 18 28 38 48 18 28 38 48 18 18 18 28 28 28 38 38
3e90: 38 48 48 48 18 18 18 28 28 28 38 38 38 48 48 48
3ea0: 18 18 18 28 28 28 38 38 38 48 48 48 18 18 18 28
3eb0: 28 28 38 38 38 48 48 48 18 28 38 48 18 28 38 48
3ec0: 18 28 38 48 18 18 18 28 28 28 38 38 38 48 48 48
3ed0: 18 18 18 28 28 28 38 38 38 48 48 48 18 18 18 18
3ee0: 28 28 28 28 38 38 38 38 48 48 48 48 18 28 38 48
3ef0: 00 00 00 00 00 00 00 00 00 00 00 00 00 00 00 00
3f00: 00 15 25 35 45 65 75 12 13 14 21 23 24 31 32 34
3f10: 41 42 43 61 62 63 64 71 72 73 74 16 26 36 46 17
3f20: 27 37 47 00 00 00 00 00 00 00 00 00 00 00 00 00
3f30: 00 00 00 00 00 00 00 E1 00 00 00 00 00 00 00 00
3f40: 1F 2F 3F 4F 1F 2F 3F 4F 1F 2F 3F 4F F1 F2 F3 F4
3f50: F1 F2 F3 F4 F1 F2 F3 F4 00 00 00 00 00 00 00 00
3f60: 00 00 00 00 00 00 00 00 00 00 00 00 00 00 00 00
3f70: 00 00 F1 F2 F3 F4 F6 F7 1F 2F 3F 4F 6F 7F 00 00
3f80: 18 28 38 48 18 28 38 48 18 18 18 28 28 28 38 38
3f90: 38 48 48 48 18 18 18 28 28 28 38 38 38 48 48 48
3fa0: 18 18 18 28 28 28 38 38 38 48 48 48 18 18 18 28
3fb0: 28 28 38 38 38 48 48 48 18 28 38 48 18 28 38 48
3fc0: 18 28 38 48 18 18 18 28 28 28 38 38 38 48 48 48
3fd0: 18 18 18 28 28 28 38 38 38 48 48 48 18 18 18 18
3fe0: 28 28 28 28 38 38 38 38 48 48 48 48 18 28 38 48
3ff0: 00 00 00 00 00 00 00 00 00 00 00 00 00 00 00 00
